   -0.002
-0.001992
-0.001984
-0.001976
-0.001968
 -0.00196
-0.001952
-0.001944
-0.001936
-0.001928
 -0.00192
-0.001912
-0.001904
-0.001896
-0.001888
 -0.00188
-0.001872
-0.001864
-0.001856
-0.001848
 -0.00184
-0.001832
-0.001824
-0.001816
-0.001808
  -0.0018
-0.001792
-0.001784
-0.001776
-0.001768
 -0.00176
-0.001752
-0.001744
-0.001736
-0.001728
 -0.00172
-0.001712
-0.001704
-0.001696
-0.001688
 -0.00168
-0.001672
-0.001664
-0.001656
-0.001648
 -0.00164
-0.001632
-0.001624
-0.001616
-0.001608
  -0.0016
-0.001592
-0.001584
-0.001576
-0.001568
 -0.00156
-0.001552
-0.001544
-0.001536
-0.001528
 -0.00152
-0.001512
-0.001504
-0.001496
-0.001488
 -0.00148
-0.001472
-0.001464
-0.001456
-0.001448
 -0.00144
-0.001432
-0.001424
-0.001416
-0.001408
  -0.0014
-0.001392
-0.001384
-0.001376
-0.001368
 -0.00136
-0.001352
-0.001344
-0.001336
-0.001328
 -0.00132
-0.001312
-0.001304
-0.001296
-0.001288
 -0.00128
-0.001272
-0.001264
-0.001256
-0.001248
 -0.00124
-0.001232
-0.001224
-0.001216
-0.001208
  -0.0012
-0.001192
-0.001184
-0.001176
-0.001168
 -0.00116
-0.001152
-0.001144
-0.001136
-0.001128
 -0.00112
-0.001112
-0.001104
-0.001096
-0.001088
 -0.00108
-0.001072
-0.001064
-0.001056
-0.001048
 -0.00104
-0.001032
-0.001024
-0.001016
-0.001008
   -0.001
-0.000992
-0.000984
-0.000976
-0.000968
 -0.00096
-0.000952
-0.000944
-0.000936
-0.000928
 -0.00092
-0.000912
-0.000904
-0.000896
-0.000888
 -0.00088
-0.000872
-0.000864
-0.000856
-0.000848
 -0.00084
-0.000832
-0.000824
-0.000816
-0.000808
  -0.0008
-0.000792
-0.000784
-0.000776
-0.000768
 -0.00076
-0.000752
-0.000744
-0.000736
-0.000728
 -0.00072
-0.000712
-0.000704
-0.000696
-0.000688
 -0.00068
-0.000672
-0.000664
-0.000656
-0.000648
 -0.00064
-0.000632
-0.000624
-0.000616
-0.000608
  -0.0006
-0.000592
-0.000584
-0.000576
-0.000568
 -0.00056
-0.000552
-0.000544
-0.000536
-0.000528
 -0.00052
-0.000512
-0.000504
-0.000496
-0.000488
 -0.00048
-0.000472
-0.000464
-0.000456
-0.000448
 -0.00044
-0.000432
-0.000424
-0.000416
-0.000408
  -0.0004
-0.000392
-0.000384
-0.000376
-0.000368
 -0.00036
-0.000352
-0.000344
-0.000336
-0.000328
 -0.00032
-0.000312
-0.000304
-0.000296
-0.000288
 -0.00028
-0.000272
-0.000264
-0.000256
-0.000248
 -0.00024
-0.000232
-0.000224
-0.000216
-0.000208
  -0.0002
-0.000192
-0.000184
-0.000176
-0.000168
 -0.00016
-0.000152
-0.000144
-0.000136
-0.000128
 -0.00012
-0.000112
-0.000104
 -9.6e-05
 -8.8e-05
   -8e-05
 -7.2e-05
 -6.4e-05
 -5.6e-05
 -4.8e-05
   -4e-05
 -3.2e-05
 -2.4e-05
 -1.6e-05
   -8e-06
        0
    8e-06
  1.6e-05
  2.4e-05
  3.2e-05
    4e-05
  4.8e-05
  5.6e-05
  6.4e-05
  7.2e-05
    8e-05
  8.8e-05
  9.6e-05
 0.000104
 0.000112
  0.00012
 0.000128
 0.000136
 0.000144
 0.000152
  0.00016
 0.000168
 0.000176
 0.000184
 0.000192
   0.0002
 0.000208
 0.000216
 0.000224
 0.000232
  0.00024
 0.000248
 0.000256
 0.000264
 0.000272
  0.00028
 0.000288
 0.000296
 0.000304
 0.000312
  0.00032
 0.000328
 0.000336
 0.000344
 0.000352
  0.00036
 0.000368
 0.000376
 0.000384
 0.000392
   0.0004
 0.000408
 0.000416
 0.000424
 0.000432
  0.00044
 0.000448
 0.000456
 0.000464
 0.000472
  0.00048
 0.000488
 0.000496
 0.000504
 0.000512
  0.00052
 0.000528
 0.000536
 0.000544
 0.000552
  0.00056
 0.000568
 0.000576
 0.000584
 0.000592
   0.0006
 0.000608
 0.000616
 0.000624
 0.000632
  0.00064
 0.000648
 0.000656
 0.000664
 0.000672
  0.00068
 0.000688
 0.000696
 0.000704
 0.000712
  0.00072
 0.000728
 0.000736
 0.000744
 0.000752
  0.00076
 0.000768
 0.000776
 0.000784
 0.000792
   0.0008
 0.000808
 0.000816
 0.000824
 0.000832
  0.00084
 0.000848
 0.000856
 0.000864
 0.000872
  0.00088
 0.000888
 0.000896
 0.000904
 0.000912
  0.00092
 0.000928
 0.000936
 0.000944
 0.000952
  0.00096
 0.000968
 0.000976
 0.000984
 0.000992
    0.001
 0.001008
 0.001016
 0.001024
 0.001032
  0.00104
 0.001048
 0.001056
 0.001064
 0.001072
  0.00108
 0.001088
 0.001096
 0.001104
 0.001112
  0.00112
 0.001128
 0.001136
 0.001144
 0.001152
  0.00116
 0.001168
 0.001176
 0.001184
 0.001192
   0.0012
 0.001208
 0.001216
 0.001224
 0.001232
  0.00124
 0.001248
 0.001256
 0.001264
 0.001272
  0.00128
 0.001288
 0.001296
 0.001304
 0.001312
  0.00132
 0.001328
 0.001336
 0.001344
 0.001352
  0.00136
 0.001368
 0.001376
 0.001384
 0.001392
   0.0014
 0.001408
 0.001416
 0.001424
 0.001432
  0.00144
 0.001448
 0.001456
 0.001464
 0.001472
  0.00148
 0.001488
 0.001496
 0.001504
 0.001512
  0.00152
 0.001528
 0.001536
 0.001544
 0.001552
  0.00156
 0.001568
 0.001576
 0.001584
 0.001592
   0.0016
 0.001608
 0.001616
 0.001624
 0.001632
  0.00164
 0.001648
 0.001656
 0.001664
 0.001672
  0.00168
 0.001688
 0.001696
 0.001704
 0.001712
  0.00172
 0.001728
 0.001736
 0.001744
 0.001752
  0.00176
 0.001768
 0.001776
 0.001784
 0.001792
   0.0018
 0.001808
 0.001816
 0.001824
 0.001832
  0.00184
 0.001848
 0.001856
 0.001864
 0.001872
  0.00188
 0.001888
 0.001896
 0.001904
 0.001912
  0.00192
 0.001928
 0.001936
 0.001944
 0.001952
  0.00196
 0.001968
 0.001976
 0.001984
 0.001992
    0.002
