    -0.1
-0.09996
-0.09992
-0.09988
-0.09984
 -0.0998
-0.09976
-0.09972
-0.09968
-0.09964
 -0.0996
-0.09956
-0.09952
-0.09948
-0.09944
 -0.0994
-0.09936
-0.09932
-0.09928
-0.09924
 -0.0992
-0.09916
-0.09912
-0.09908
-0.09904
  -0.099
-0.09896
-0.09892
-0.09888
-0.09884
 -0.0988
-0.09876
-0.09872
-0.09868
-0.09864
 -0.0986
-0.09856
-0.09852
-0.09848
-0.09844
 -0.0984
-0.09836
-0.09832
-0.09828
-0.09824
 -0.0982
-0.09816
-0.09812
-0.09808
-0.09804
  -0.098
-0.09796
-0.09792
-0.09788
-0.09784
 -0.0978
-0.09776
-0.09772
-0.09768
-0.09764
 -0.0976
-0.09756
-0.09752
-0.09748
-0.09744
 -0.0974
-0.09736
-0.09732
-0.09728
-0.09724
 -0.0972
-0.09716
-0.09712
-0.09708
-0.09704
  -0.097
-0.09696
-0.09692
-0.09688
-0.09684
 -0.0968
-0.09676
-0.09672
-0.09668
-0.09664
 -0.0966
-0.09656
-0.09652
-0.09648
-0.09644
 -0.0964
-0.09636
-0.09632
-0.09628
-0.09624
 -0.0962
-0.09616
-0.09612
-0.09608
-0.09604
  -0.096
-0.09596
-0.09592
-0.09588
-0.09584
 -0.0958
-0.09576
-0.09572
-0.09568
-0.09564
 -0.0956
-0.09556
-0.09552
-0.09548
-0.09544
 -0.0954
-0.09536
-0.09532
-0.09528
-0.09524
 -0.0952
-0.09516
-0.09512
-0.09508
-0.09504
  -0.095
-0.09496
-0.09492
-0.09488
-0.09484
 -0.0948
-0.09476
-0.09472
-0.09468
-0.09464
 -0.0946
-0.09456
-0.09452
-0.09448
-0.09444
 -0.0944
-0.09436
-0.09432
-0.09428
-0.09424
 -0.0942
-0.09416
-0.09412
-0.09408
-0.09404
  -0.094
-0.09396
-0.09392
-0.09388
-0.09384
 -0.0938
-0.09376
-0.09372
-0.09368
-0.09364
 -0.0936
-0.09356
-0.09352
-0.09348
-0.09344
 -0.0934
-0.09336
-0.09332
-0.09328
-0.09324
 -0.0932
-0.09316
-0.09312
-0.09308
-0.09304
  -0.093
-0.09296
-0.09292
-0.09288
-0.09284
 -0.0928
-0.09276
-0.09272
-0.09268
-0.09264
 -0.0926
-0.09256
-0.09252
-0.09248
-0.09244
 -0.0924
-0.09236
-0.09232
-0.09228
-0.09224
 -0.0922
-0.09216
-0.09212
-0.09208
-0.09204
  -0.092
-0.09196
-0.09192
-0.09188
-0.09184
 -0.0918
-0.09176
-0.09172
-0.09168
-0.09164
 -0.0916
-0.09156
-0.09152
-0.09148
-0.09144
 -0.0914
-0.09136
-0.09132
-0.09128
-0.09124
 -0.0912
-0.09116
-0.09112
-0.09108
-0.09104
  -0.091
-0.09096
-0.09092
-0.09088
-0.09084
 -0.0908
-0.09076
-0.09072
-0.09068
-0.09064
 -0.0906
-0.09056
-0.09052
-0.09048
-0.09044
 -0.0904
-0.09036
-0.09032
-0.09028
-0.09024
 -0.0902
-0.09016
-0.09012
-0.09008
-0.09004
   -0.09
-0.08996
-0.08992
-0.08988
-0.08984
 -0.0898
-0.08976
-0.08972
-0.08968
-0.08964
 -0.0896
-0.08956
-0.08952
-0.08948
-0.08944
 -0.0894
-0.08936
-0.08932
-0.08928
-0.08924
 -0.0892
-0.08916
-0.08912
-0.08908
-0.08904
  -0.089
-0.08896
-0.08892
-0.08888
-0.08884
 -0.0888
-0.08876
-0.08872
-0.08868
-0.08864
 -0.0886
-0.08856
-0.08852
-0.08848
-0.08844
 -0.0884
-0.08836
-0.08832
-0.08828
-0.08824
 -0.0882
-0.08816
-0.08812
-0.08808
-0.08804
  -0.088
-0.08796
-0.08792
-0.08788
-0.08784
 -0.0878
-0.08776
-0.08772
-0.08768
-0.08764
 -0.0876
-0.08756
-0.08752
-0.08748
-0.08744
 -0.0874
-0.08736
-0.08732
-0.08728
-0.08724
 -0.0872
-0.08716
-0.08712
-0.08708
-0.08704
  -0.087
-0.08696
-0.08692
-0.08688
-0.08684
 -0.0868
-0.08676
-0.08672
-0.08668
-0.08664
 -0.0866
-0.08656
-0.08652
-0.08648
-0.08644
 -0.0864
-0.08636
-0.08632
-0.08628
-0.08624
 -0.0862
-0.08616
-0.08612
-0.08608
-0.08604
  -0.086
-0.08596
-0.08592
-0.08588
-0.08584
 -0.0858
-0.08576
-0.08572
-0.08568
-0.08564
 -0.0856
-0.08556
-0.08552
-0.08548
-0.08544
 -0.0854
-0.08536
-0.08532
-0.08528
-0.08524
 -0.0852
-0.08516
-0.08512
-0.08508
-0.08504
  -0.085
-0.08496
-0.08492
-0.08488
-0.08484
 -0.0848
-0.08476
-0.08472
-0.08468
-0.08464
 -0.0846
-0.08456
-0.08452
-0.08448
-0.08444
 -0.0844
-0.08436
-0.08432
-0.08428
-0.08424
 -0.0842
-0.08416
-0.08412
-0.08408
-0.08404
  -0.084
-0.08396
-0.08392
-0.08388
-0.08384
 -0.0838
-0.08376
-0.08372
-0.08368
-0.08364
 -0.0836
-0.08356
-0.08352
-0.08348
-0.08344
 -0.0834
-0.08336
-0.08332
-0.08328
-0.08324
 -0.0832
-0.08316
-0.08312
-0.08308
-0.08304
  -0.083
-0.08296
-0.08292
-0.08288
-0.08284
 -0.0828
-0.08276
-0.08272
-0.08268
-0.08264
 -0.0826
-0.08256
-0.08252
-0.08248
-0.08244
 -0.0824
-0.08236
-0.08232
-0.08228
-0.08224
 -0.0822
-0.08216
-0.08212
-0.08208
-0.08204
  -0.082
-0.08196
-0.08192
-0.08188
-0.08184
 -0.0818
-0.08176
-0.08172
-0.08168
-0.08164
 -0.0816
-0.08156
-0.08152
-0.08148
-0.08144
 -0.0814
-0.08136
-0.08132
-0.08128
-0.08124
 -0.0812
-0.08116
-0.08112
-0.08108
-0.08104
  -0.081
-0.08096
-0.08092
-0.08088
-0.08084
 -0.0808
-0.08076
-0.08072
-0.08068
-0.08064
 -0.0806
-0.08056
-0.08052
-0.08048
-0.08044
 -0.0804
-0.08036
-0.08032
-0.08028
-0.08024
 -0.0802
-0.08016
-0.08012
-0.08008
-0.08004
   -0.08
-0.07996
-0.07992
-0.07988
-0.07984
 -0.0798
-0.07976
-0.07972
-0.07968
-0.07964
 -0.0796
-0.07956
-0.07952
-0.07948
-0.07944
 -0.0794
-0.07936
-0.07932
-0.07928
-0.07924
 -0.0792
-0.07916
-0.07912
-0.07908
-0.07904
  -0.079
-0.07896
-0.07892
-0.07888
-0.07884
 -0.0788
-0.07876
-0.07872
-0.07868
-0.07864
 -0.0786
-0.07856
-0.07852
-0.07848
-0.07844
 -0.0784
-0.07836
-0.07832
-0.07828
-0.07824
 -0.0782
-0.07816
-0.07812
-0.07808
-0.07804
  -0.078
-0.07796
-0.07792
-0.07788
-0.07784
 -0.0778
-0.07776
-0.07772
-0.07768
-0.07764
 -0.0776
-0.07756
-0.07752
-0.07748
-0.07744
 -0.0774
-0.07736
-0.07732
-0.07728
-0.07724
 -0.0772
-0.07716
-0.07712
-0.07708
-0.07704
  -0.077
-0.07696
-0.07692
-0.07688
-0.07684
 -0.0768
-0.07676
-0.07672
-0.07668
-0.07664
 -0.0766
-0.07656
-0.07652
-0.07648
-0.07644
 -0.0764
-0.07636
-0.07632
-0.07628
-0.07624
 -0.0762
-0.07616
-0.07612
-0.07608
-0.07604
  -0.076
-0.07596
-0.07592
-0.07588
-0.07584
 -0.0758
-0.07576
-0.07572
-0.07568
-0.07564
 -0.0756
-0.07556
-0.07552
-0.07548
-0.07544
 -0.0754
-0.07536
-0.07532
-0.07528
-0.07524
 -0.0752
-0.07516
-0.07512
-0.07508
-0.07504
  -0.075
-0.07496
-0.07492
-0.07488
-0.07484
 -0.0748
-0.07476
-0.07472
-0.07468
-0.07464
 -0.0746
-0.07456
-0.07452
-0.07448
-0.07444
 -0.0744
-0.07436
-0.07432
-0.07428
-0.07424
 -0.0742
-0.07416
-0.07412
-0.07408
-0.07404
  -0.074
-0.07396
-0.07392
-0.07388
-0.07384
 -0.0738
-0.07376
-0.07372
-0.07368
-0.07364
 -0.0736
-0.07356
-0.07352
-0.07348
-0.07344
 -0.0734
-0.07336
-0.07332
-0.07328
-0.07324
 -0.0732
-0.07316
-0.07312
-0.07308
-0.07304
  -0.073
-0.07296
-0.07292
-0.07288
-0.07284
 -0.0728
-0.07276
-0.07272
-0.07268
-0.07264
 -0.0726
-0.07256
-0.07252
-0.07248
-0.07244
 -0.0724
-0.07236
-0.07232
-0.07228
-0.07224
 -0.0722
-0.07216
-0.07212
-0.07208
-0.07204
  -0.072
-0.07196
-0.07192
-0.07188
-0.07184
 -0.0718
-0.07176
-0.07172
-0.07168
-0.07164
 -0.0716
-0.07156
-0.07152
-0.07148
-0.07144
 -0.0714
-0.07136
-0.07132
-0.07128
-0.07124
 -0.0712
-0.07116
-0.07112
-0.07108
-0.07104
  -0.071
-0.07096
-0.07092
-0.07088
-0.07084
 -0.0708
-0.07076
-0.07072
-0.07068
-0.07064
 -0.0706
-0.07056
-0.07052
-0.07048
-0.07044
 -0.0704
-0.07036
-0.07032
-0.07028
-0.07024
 -0.0702
-0.07016
-0.07012
-0.07008
-0.07004
   -0.07
-0.06996
-0.06992
-0.06988
-0.06984
 -0.0698
-0.06976
-0.06972
-0.06968
-0.06964
 -0.0696
-0.06956
-0.06952
-0.06948
-0.06944
 -0.0694
-0.06936
-0.06932
-0.06928
-0.06924
 -0.0692
-0.06916
-0.06912
-0.06908
-0.06904
  -0.069
-0.06896
-0.06892
-0.06888
-0.06884
 -0.0688
-0.06876
-0.06872
-0.06868
-0.06864
 -0.0686
-0.06856
-0.06852
-0.06848
-0.06844
 -0.0684
-0.06836
-0.06832
-0.06828
-0.06824
 -0.0682
-0.06816
-0.06812
-0.06808
-0.06804
  -0.068
-0.06796
-0.06792
-0.06788
-0.06784
 -0.0678
-0.06776
-0.06772
-0.06768
-0.06764
 -0.0676
-0.06756
-0.06752
-0.06748
-0.06744
 -0.0674
-0.06736
-0.06732
-0.06728
-0.06724
 -0.0672
-0.06716
-0.06712
-0.06708
-0.06704
  -0.067
-0.06696
-0.06692
-0.06688
-0.06684
 -0.0668
-0.06676
-0.06672
-0.06668
-0.06664
 -0.0666
-0.06656
-0.06652
-0.06648
-0.06644
 -0.0664
-0.06636
-0.06632
-0.06628
-0.06624
 -0.0662
-0.06616
-0.06612
-0.06608
-0.06604
  -0.066
-0.06596
-0.06592
-0.06588
-0.06584
 -0.0658
-0.06576
-0.06572
-0.06568
-0.06564
 -0.0656
-0.06556
-0.06552
-0.06548
-0.06544
 -0.0654
-0.06536
-0.06532
-0.06528
-0.06524
 -0.0652
-0.06516
-0.06512
-0.06508
-0.06504
  -0.065
-0.06496
-0.06492
-0.06488
-0.06484
 -0.0648
-0.06476
-0.06472
-0.06468
-0.06464
 -0.0646
-0.06456
-0.06452
-0.06448
-0.06444
 -0.0644
-0.06436
-0.06432
-0.06428
-0.06424
 -0.0642
-0.06416
-0.06412
-0.06408
-0.06404
  -0.064
-0.06396
-0.06392
-0.06388
-0.06384
 -0.0638
-0.06376
-0.06372
-0.06368
-0.06364
 -0.0636
-0.06356
-0.06352
-0.06348
-0.06344
 -0.0634
-0.06336
-0.06332
-0.06328
-0.06324
 -0.0632
-0.06316
-0.06312
-0.06308
-0.06304
  -0.063
-0.06296
-0.06292
-0.06288
-0.06284
 -0.0628
-0.06276
-0.06272
-0.06268
-0.06264
 -0.0626
-0.06256
-0.06252
-0.06248
-0.06244
 -0.0624
-0.06236
-0.06232
-0.06228
-0.06224
 -0.0622
-0.06216
-0.06212
-0.06208
-0.06204
  -0.062
-0.06196
-0.06192
-0.06188
-0.06184
 -0.0618
-0.06176
-0.06172
-0.06168
-0.06164
 -0.0616
-0.06156
-0.06152
-0.06148
-0.06144
 -0.0614
-0.06136
-0.06132
-0.06128
-0.06124
 -0.0612
-0.06116
-0.06112
-0.06108
-0.06104
  -0.061
-0.06096
-0.06092
-0.06088
-0.06084
 -0.0608
-0.06076
-0.06072
-0.06068
-0.06064
 -0.0606
-0.06056
-0.06052
-0.06048
-0.06044
 -0.0604
-0.06036
-0.06032
-0.06028
-0.06024
 -0.0602
-0.06016
-0.06012
-0.06008
-0.06004
   -0.06
-0.05996
-0.05992
-0.05988
-0.05984
 -0.0598
-0.05976
-0.05972
-0.05968
-0.05964
 -0.0596
-0.05956
-0.05952
-0.05948
-0.05944
 -0.0594
-0.05936
-0.05932
-0.05928
-0.05924
 -0.0592
-0.05916
-0.05912
-0.05908
-0.05904
  -0.059
-0.05896
-0.05892
-0.05888
-0.05884
 -0.0588
-0.05876
-0.05872
-0.05868
-0.05864
 -0.0586
-0.05856
-0.05852
-0.05848
-0.05844
 -0.0584
-0.05836
-0.05832
-0.05828
-0.05824
 -0.0582
-0.05816
-0.05812
-0.05808
-0.05804
  -0.058
-0.05796
-0.05792
-0.05788
-0.05784
 -0.0578
-0.05776
-0.05772
-0.05768
-0.05764
 -0.0576
-0.05756
-0.05752
-0.05748
-0.05744
 -0.0574
-0.05736
-0.05732
-0.05728
-0.05724
 -0.0572
-0.05716
-0.05712
-0.05708
-0.05704
  -0.057
-0.05696
-0.05692
-0.05688
-0.05684
 -0.0568
-0.05676
-0.05672
-0.05668
-0.05664
 -0.0566
-0.05656
-0.05652
-0.05648
-0.05644
 -0.0564
-0.05636
-0.05632
-0.05628
-0.05624
 -0.0562
-0.05616
-0.05612
-0.05608
-0.05604
  -0.056
-0.05596
-0.05592
-0.05588
-0.05584
 -0.0558
-0.05576
-0.05572
-0.05568
-0.05564
 -0.0556
-0.05556
-0.05552
-0.05548
-0.05544
 -0.0554
-0.05536
-0.05532
-0.05528
-0.05524
 -0.0552
-0.05516
-0.05512
-0.05508
-0.05504
  -0.055
-0.05496
-0.05492
-0.05488
-0.05484
 -0.0548
-0.05476
-0.05472
-0.05468
-0.05464
 -0.0546
-0.05456
-0.05452
-0.05448
-0.05444
 -0.0544
-0.05436
-0.05432
-0.05428
-0.05424
 -0.0542
-0.05416
-0.05412
-0.05408
-0.05404
  -0.054
-0.05396
-0.05392
-0.05388
-0.05384
 -0.0538
-0.05376
-0.05372
-0.05368
-0.05364
 -0.0536
-0.05356
-0.05352
-0.05348
-0.05344
 -0.0534
-0.05336
-0.05332
-0.05328
-0.05324
 -0.0532
-0.05316
-0.05312
-0.05308
-0.05304
  -0.053
-0.05296
-0.05292
-0.05288
-0.05284
 -0.0528
-0.05276
-0.05272
-0.05268
-0.05264
 -0.0526
-0.05256
-0.05252
-0.05248
-0.05244
 -0.0524
-0.05236
-0.05232
-0.05228
-0.05224
 -0.0522
-0.05216
-0.05212
-0.05208
-0.05204
  -0.052
-0.05196
-0.05192
-0.05188
-0.05184
 -0.0518
-0.05176
-0.05172
-0.05168
-0.05164
 -0.0516
-0.05156
-0.05152
-0.05148
-0.05144
 -0.0514
-0.05136
-0.05132
-0.05128
-0.05124
 -0.0512
-0.05116
-0.05112
-0.05108
-0.05104
  -0.051
-0.05096
-0.05092
-0.05088
-0.05084
 -0.0508
-0.05076
-0.05072
-0.05068
-0.05064
 -0.0506
-0.05056
-0.05052
-0.05048
-0.05044
 -0.0504
-0.05036
-0.05032
-0.05028
-0.05024
 -0.0502
-0.05016
-0.05012
-0.05008
-0.05004
   -0.05
-0.04996
-0.04992
-0.04988
-0.04984
 -0.0498
-0.04976
-0.04972
-0.04968
-0.04964
 -0.0496
-0.04956
-0.04952
-0.04948
-0.04944
 -0.0494
-0.04936
-0.04932
-0.04928
-0.04924
 -0.0492
-0.04916
-0.04912
-0.04908
-0.04904
  -0.049
-0.04896
-0.04892
-0.04888
-0.04884
 -0.0488
-0.04876
-0.04872
-0.04868
-0.04864
 -0.0486
-0.04856
-0.04852
-0.04848
-0.04844
 -0.0484
-0.04836
-0.04832
-0.04828
-0.04824
 -0.0482
-0.04816
-0.04812
-0.04808
-0.04804
  -0.048
-0.04796
-0.04792
-0.04788
-0.04784
 -0.0478
-0.04776
-0.04772
-0.04768
-0.04764
 -0.0476
-0.04756
-0.04752
-0.04748
-0.04744
 -0.0474
-0.04736
-0.04732
-0.04728
-0.04724
 -0.0472
-0.04716
-0.04712
-0.04708
-0.04704
  -0.047
-0.04696
-0.04692
-0.04688
-0.04684
 -0.0468
-0.04676
-0.04672
-0.04668
-0.04664
 -0.0466
-0.04656
-0.04652
-0.04648
-0.04644
 -0.0464
-0.04636
-0.04632
-0.04628
-0.04624
 -0.0462
-0.04616
-0.04612
-0.04608
-0.04604
  -0.046
-0.04596
-0.04592
-0.04588
-0.04584
 -0.0458
-0.04576
-0.04572
-0.04568
-0.04564
 -0.0456
-0.04556
-0.04552
-0.04548
-0.04544
 -0.0454
-0.04536
-0.04532
-0.04528
-0.04524
 -0.0452
-0.04516
-0.04512
-0.04508
-0.04504
  -0.045
-0.04496
-0.04492
-0.04488
-0.04484
 -0.0448
-0.04476
-0.04472
-0.04468
-0.04464
 -0.0446
-0.04456
-0.04452
-0.04448
-0.04444
 -0.0444
-0.04436
-0.04432
-0.04428
-0.04424
 -0.0442
-0.04416
-0.04412
-0.04408
-0.04404
  -0.044
-0.04396
-0.04392
-0.04388
-0.04384
 -0.0438
-0.04376
-0.04372
-0.04368
-0.04364
 -0.0436
-0.04356
-0.04352
-0.04348
-0.04344
 -0.0434
-0.04336
-0.04332
-0.04328
-0.04324
 -0.0432
-0.04316
-0.04312
-0.04308
-0.04304
  -0.043
-0.04296
-0.04292
-0.04288
-0.04284
 -0.0428
-0.04276
-0.04272
-0.04268
-0.04264
 -0.0426
-0.04256
-0.04252
-0.04248
-0.04244
 -0.0424
-0.04236
-0.04232
-0.04228
-0.04224
 -0.0422
-0.04216
-0.04212
-0.04208
-0.04204
  -0.042
-0.04196
-0.04192
-0.04188
-0.04184
 -0.0418
-0.04176
-0.04172
-0.04168
-0.04164
 -0.0416
-0.04156
-0.04152
-0.04148
-0.04144
 -0.0414
-0.04136
-0.04132
-0.04128
-0.04124
 -0.0412
-0.04116
-0.04112
-0.04108
-0.04104
  -0.041
-0.04096
-0.04092
-0.04088
-0.04084
 -0.0408
-0.04076
-0.04072
-0.04068
-0.04064
 -0.0406
-0.04056
-0.04052
-0.04048
-0.04044
 -0.0404
-0.04036
-0.04032
-0.04028
-0.04024
 -0.0402
-0.04016
-0.04012
-0.04008
-0.04004
   -0.04
-0.03996
-0.03992
-0.03988
-0.03984
 -0.0398
-0.03976
-0.03972
-0.03968
-0.03964
 -0.0396
-0.03956
-0.03952
-0.03948
-0.03944
 -0.0394
-0.03936
-0.03932
-0.03928
-0.03924
 -0.0392
-0.03916
-0.03912
-0.03908
-0.03904
  -0.039
-0.03896
-0.03892
-0.03888
-0.03884
 -0.0388
-0.03876
-0.03872
-0.03868
-0.03864
 -0.0386
-0.03856
-0.03852
-0.03848
-0.03844
 -0.0384
-0.03836
-0.03832
-0.03828
-0.03824
 -0.0382
-0.03816
-0.03812
-0.03808
-0.03804
  -0.038
-0.03796
-0.03792
-0.03788
-0.03784
 -0.0378
-0.03776
-0.03772
-0.03768
-0.03764
 -0.0376
-0.03756
-0.03752
-0.03748
-0.03744
 -0.0374
-0.03736
-0.03732
-0.03728
-0.03724
 -0.0372
-0.03716
-0.03712
-0.03708
-0.03704
  -0.037
-0.03696
-0.03692
-0.03688
-0.03684
 -0.0368
-0.03676
-0.03672
-0.03668
-0.03664
 -0.0366
-0.03656
-0.03652
-0.03648
-0.03644
 -0.0364
-0.03636
-0.03632
-0.03628
-0.03624
 -0.0362
-0.03616
-0.03612
-0.03608
-0.03604
  -0.036
-0.03596
-0.03592
-0.03588
-0.03584
 -0.0358
-0.03576
-0.03572
-0.03568
-0.03564
 -0.0356
-0.03556
-0.03552
-0.03548
-0.03544
 -0.0354
-0.03536
-0.03532
-0.03528
-0.03524
 -0.0352
-0.03516
-0.03512
-0.03508
-0.03504
  -0.035
-0.03496
-0.03492
-0.03488
-0.03484
 -0.0348
-0.03476
-0.03472
-0.03468
-0.03464
 -0.0346
-0.03456
-0.03452
-0.03448
-0.03444
 -0.0344
-0.03436
-0.03432
-0.03428
-0.03424
 -0.0342
-0.03416
-0.03412
-0.03408
-0.03404
  -0.034
-0.03396
-0.03392
-0.03388
-0.03384
 -0.0338
-0.03376
-0.03372
-0.03368
-0.03364
 -0.0336
-0.03356
-0.03352
-0.03348
-0.03344
 -0.0334
-0.03336
-0.03332
-0.03328
-0.03324
 -0.0332
-0.03316
-0.03312
-0.03308
-0.03304
  -0.033
-0.03296
-0.03292
-0.03288
-0.03284
 -0.0328
-0.03276
-0.03272
-0.03268
-0.03264
 -0.0326
-0.03256
-0.03252
-0.03248
-0.03244
 -0.0324
-0.03236
-0.03232
-0.03228
-0.03224
 -0.0322
-0.03216
-0.03212
-0.03208
-0.03204
  -0.032
-0.03196
-0.03192
-0.03188
-0.03184
 -0.0318
-0.03176
-0.03172
-0.03168
-0.03164
 -0.0316
-0.03156
-0.03152
-0.03148
-0.03144
 -0.0314
-0.03136
-0.03132
-0.03128
-0.03124
 -0.0312
-0.03116
-0.03112
-0.03108
-0.03104
  -0.031
-0.03096
-0.03092
-0.03088
-0.03084
 -0.0308
-0.03076
-0.03072
-0.03068
-0.03064
 -0.0306
-0.03056
-0.03052
-0.03048
-0.03044
 -0.0304
-0.03036
-0.03032
-0.03028
-0.03024
 -0.0302
-0.03016
-0.03012
-0.03008
-0.03004
   -0.03
-0.02996
-0.02992
-0.02988
-0.02984
 -0.0298
-0.02976
-0.02972
-0.02968
-0.02964
 -0.0296
-0.02956
-0.02952
-0.02948
-0.02944
 -0.0294
-0.02936
-0.02932
-0.02928
-0.02924
 -0.0292
-0.02916
-0.02912
-0.02908
-0.02904
  -0.029
-0.02896
-0.02892
-0.02888
-0.02884
 -0.0288
-0.02876
-0.02872
-0.02868
-0.02864
 -0.0286
-0.02856
-0.02852
-0.02848
-0.02844
 -0.0284
-0.02836
-0.02832
-0.02828
-0.02824
 -0.0282
-0.02816
-0.02812
-0.02808
-0.02804
  -0.028
-0.02796
-0.02792
-0.02788
-0.02784
 -0.0278
-0.02776
-0.02772
-0.02768
-0.02764
 -0.0276
-0.02756
-0.02752
-0.02748
-0.02744
 -0.0274
-0.02736
-0.02732
-0.02728
-0.02724
 -0.0272
-0.02716
-0.02712
-0.02708
-0.02704
  -0.027
-0.02696
-0.02692
-0.02688
-0.02684
 -0.0268
-0.02676
-0.02672
-0.02668
-0.02664
 -0.0266
-0.02656
-0.02652
-0.02648
-0.02644
 -0.0264
-0.02636
-0.02632
-0.02628
-0.02624
 -0.0262
-0.02616
-0.02612
-0.02608
-0.02604
  -0.026
-0.02596
-0.02592
-0.02588
-0.02584
 -0.0258
-0.02576
-0.02572
-0.02568
-0.02564
 -0.0256
-0.02556
-0.02552
-0.02548
-0.02544
 -0.0254
-0.02536
-0.02532
-0.02528
-0.02524
 -0.0252
-0.02516
-0.02512
-0.02508
-0.02504
  -0.025
-0.02496
-0.02492
-0.02488
-0.02484
 -0.0248
-0.02476
-0.02472
-0.02468
-0.02464
 -0.0246
-0.02456
-0.02452
-0.02448
-0.02444
 -0.0244
-0.02436
-0.02432
-0.02428
-0.02424
 -0.0242
-0.02416
-0.02412
-0.02408
-0.02404
  -0.024
-0.02396
-0.02392
-0.02388
-0.02384
 -0.0238
-0.02376
-0.02372
-0.02368
-0.02364
 -0.0236
-0.02356
-0.02352
-0.02348
-0.02344
 -0.0234
-0.02336
-0.02332
-0.02328
-0.02324
 -0.0232
-0.02316
-0.02312
-0.02308
-0.02304
  -0.023
-0.02296
-0.02292
-0.02288
-0.02284
 -0.0228
-0.02276
-0.02272
-0.02268
-0.02264
 -0.0226
-0.02256
-0.02252
-0.02248
-0.02244
 -0.0224
-0.02236
-0.02232
-0.02228
-0.02224
 -0.0222
-0.02216
-0.02212
-0.02208
-0.02204
  -0.022
-0.02196
-0.02192
-0.02188
-0.02184
 -0.0218
-0.02176
-0.02172
-0.02168
-0.02164
 -0.0216
-0.02156
-0.02152
-0.02148
-0.02144
 -0.0214
-0.02136
-0.02132
-0.02128
-0.02124
 -0.0212
-0.02116
-0.02112
-0.02108
-0.02104
  -0.021
-0.02096
-0.02092
-0.02088
-0.02084
 -0.0208
-0.02076
-0.02072
-0.02068
-0.02064
 -0.0206
-0.02056
-0.02052
-0.02048
-0.02044
 -0.0204
-0.02036
-0.02032
-0.02028
-0.02024
 -0.0202
-0.02016
-0.02012
-0.02008
-0.02004
   -0.02
-0.01996
-0.01992
-0.01988
-0.01984
 -0.0198
-0.01976
-0.01972
-0.01968
-0.01964
 -0.0196
-0.01956
-0.01952
-0.01948
-0.01944
 -0.0194
-0.01936
-0.01932
-0.01928
-0.01924
 -0.0192
-0.01916
-0.01912
-0.01908
-0.01904
  -0.019
-0.01896
-0.01892
-0.01888
-0.01884
 -0.0188
-0.01876
-0.01872
-0.01868
-0.01864
 -0.0186
-0.01856
-0.01852
-0.01848
-0.01844
 -0.0184
-0.01836
-0.01832
-0.01828
-0.01824
 -0.0182
-0.01816
-0.01812
-0.01808
-0.01804
  -0.018
-0.01796
-0.01792
-0.01788
-0.01784
 -0.0178
-0.01776
-0.01772
-0.01768
-0.01764
 -0.0176
-0.01756
-0.01752
-0.01748
-0.01744
 -0.0174
-0.01736
-0.01732
-0.01728
-0.01724
 -0.0172
-0.01716
-0.01712
-0.01708
-0.01704
  -0.017
-0.01696
-0.01692
-0.01688
-0.01684
 -0.0168
-0.01676
-0.01672
-0.01668
-0.01664
 -0.0166
-0.01656
-0.01652
-0.01648
-0.01644
 -0.0164
-0.01636
-0.01632
-0.01628
-0.01624
 -0.0162
-0.01616
-0.01612
-0.01608
-0.01604
  -0.016
-0.01596
-0.01592
-0.01588
-0.01584
 -0.0158
-0.01576
-0.01572
-0.01568
-0.01564
 -0.0156
-0.01556
-0.01552
-0.01548
-0.01544
 -0.0154
-0.01536
-0.01532
-0.01528
-0.01524
 -0.0152
-0.01516
-0.01512
-0.01508
-0.01504
  -0.015
-0.01496
-0.01492
-0.01488
-0.01484
 -0.0148
-0.01476
-0.01472
-0.01468
-0.01464
 -0.0146
-0.01456
-0.01452
-0.01448
-0.01444
 -0.0144
-0.01436
-0.01432
-0.01428
-0.01424
 -0.0142
-0.01416
-0.01412
-0.01408
-0.01404
  -0.014
-0.01396
-0.01392
-0.01388
-0.01384
 -0.0138
-0.01376
-0.01372
-0.01368
-0.01364
 -0.0136
-0.01356
-0.01352
-0.01348
-0.01344
 -0.0134
-0.01336
-0.01332
-0.01328
-0.01324
 -0.0132
-0.01316
-0.01312
-0.01308
-0.01304
  -0.013
-0.01296
-0.01292
-0.01288
-0.01284
 -0.0128
-0.01276
-0.01272
-0.01268
-0.01264
 -0.0126
-0.01256
-0.01252
-0.01248
-0.01244
 -0.0124
-0.01236
-0.01232
-0.01228
-0.01224
 -0.0122
-0.01216
-0.01212
-0.01208
-0.01204
  -0.012
-0.01196
-0.01192
-0.01188
-0.01184
 -0.0118
-0.01176
-0.01172
-0.01168
-0.01164
 -0.0116
-0.01156
-0.01152
-0.01148
-0.01144
 -0.0114
-0.01136
-0.01132
-0.01128
-0.01124
 -0.0112
-0.01116
-0.01112
-0.01108
-0.01104
  -0.011
-0.01096
-0.01092
-0.01088
-0.01084
 -0.0108
-0.01076
-0.01072
-0.01068
-0.01064
 -0.0106
-0.01056
-0.01052
-0.01048
-0.01044
 -0.0104
-0.01036
-0.01032
-0.01028
-0.01024
 -0.0102
-0.01016
-0.01012
-0.01008
-0.01004
   -0.01
-0.00996
-0.00992
-0.00988
-0.00984
 -0.0098
-0.00976
-0.00972
-0.00968
-0.00964
 -0.0096
-0.00956
-0.00952
-0.00948
-0.00944
 -0.0094
-0.00936
-0.00932
-0.00928
-0.00924
 -0.0092
-0.00916
-0.00912
-0.00908
-0.00904
  -0.009
-0.00896
-0.00892
-0.00888
-0.00884
 -0.0088
-0.00876
-0.00872
-0.00868
-0.00864
 -0.0086
-0.00856
-0.00852
-0.00848
-0.00844
 -0.0084
-0.00836
-0.00832
-0.00828
-0.00824
 -0.0082
-0.00816
-0.00812
-0.00808
-0.00804
  -0.008
-0.00796
-0.00792
-0.00788
-0.00784
 -0.0078
-0.00776
-0.00772
-0.00768
-0.00764
 -0.0076
-0.00756
-0.00752
-0.00748
-0.00744
 -0.0074
-0.00736
-0.00732
-0.00728
-0.00724
 -0.0072
-0.00716
-0.00712
-0.00708
-0.00704
  -0.007
-0.00696
-0.00692
-0.00688
-0.00684
 -0.0068
-0.00676
-0.00672
-0.00668
-0.00664
 -0.0066
-0.00656
-0.00652
-0.00648
-0.00644
 -0.0064
-0.00636
-0.00632
-0.00628
-0.00624
 -0.0062
-0.00616
-0.00612
-0.00608
-0.00604
  -0.006
-0.00596
-0.00592
-0.00588
-0.00584
 -0.0058
-0.00576
-0.00572
-0.00568
-0.00564
 -0.0056
-0.00556
-0.00552
-0.00548
-0.00544
 -0.0054
-0.00536
-0.00532
-0.00528
-0.00524
 -0.0052
-0.00516
-0.00512
-0.00508
-0.00504
  -0.005
-0.00496
-0.00492
-0.00488
-0.00484
 -0.0048
-0.00476
-0.00472
-0.00468
-0.00464
 -0.0046
-0.00456
-0.00452
-0.00448
-0.00444
 -0.0044
-0.00436
-0.00432
-0.00428
-0.00424
 -0.0042
-0.00416
-0.00412
-0.00408
-0.00404
  -0.004
-0.00396
-0.00392
-0.00388
-0.00384
 -0.0038
-0.00376
-0.00372
-0.00368
-0.00364
 -0.0036
-0.00356
-0.00352
-0.00348
-0.00344
 -0.0034
-0.00336
-0.00332
-0.00328
-0.00324
 -0.0032
-0.00316
-0.00312
-0.00308
-0.00304
  -0.003
-0.00296
-0.00292
-0.00288
-0.00284
 -0.0028
-0.00276
-0.00272
-0.00268
-0.00264
 -0.0026
-0.00256
-0.00252
-0.00248
-0.00244
 -0.0024
-0.00236
-0.00232
-0.00228
-0.00224
 -0.0022
-0.00216
-0.00212
-0.00208
-0.00204
  -0.002
-0.00196
-0.00192
-0.00188
-0.00184
 -0.0018
-0.00176
-0.00172
-0.00168
-0.00164
 -0.0016
-0.00156
-0.00152
-0.00148
-0.00144
 -0.0014
-0.00136
-0.00132
-0.00128
-0.00124
 -0.0012
-0.00116
-0.00112
-0.00108
-0.00104
  -0.001
-0.00096
-0.00092
-0.00088
-0.00084
 -0.0008
-0.00076
-0.00072
-0.00068
-0.00064
 -0.0006
-0.00056
-0.00052
-0.00048
-0.00044
 -0.0004
-0.00036
-0.00032
-0.00028
-0.00024
 -0.0002
-0.00016
-0.00012
  -8e-05
  -4e-05
       0
   4e-05
   8e-05
 0.00012
 0.00016
  0.0002
 0.00024
 0.00028
 0.00032
 0.00036
  0.0004
 0.00044
 0.00048
 0.00052
 0.00056
  0.0006
 0.00064
 0.00068
 0.00072
 0.00076
  0.0008
 0.00084
 0.00088
 0.00092
 0.00096
   0.001
 0.00104
 0.00108
 0.00112
 0.00116
  0.0012
 0.00124
 0.00128
 0.00132
 0.00136
  0.0014
 0.00144
 0.00148
 0.00152
 0.00156
  0.0016
 0.00164
 0.00168
 0.00172
 0.00176
  0.0018
 0.00184
 0.00188
 0.00192
 0.00196
   0.002
 0.00204
 0.00208
 0.00212
 0.00216
  0.0022
 0.00224
 0.00228
 0.00232
 0.00236
  0.0024
 0.00244
 0.00248
 0.00252
 0.00256
  0.0026
 0.00264
 0.00268
 0.00272
 0.00276
  0.0028
 0.00284
 0.00288
 0.00292
 0.00296
   0.003
 0.00304
 0.00308
 0.00312
 0.00316
  0.0032
 0.00324
 0.00328
 0.00332
 0.00336
  0.0034
 0.00344
 0.00348
 0.00352
 0.00356
  0.0036
 0.00364
 0.00368
 0.00372
 0.00376
  0.0038
 0.00384
 0.00388
 0.00392
 0.00396
   0.004
 0.00404
 0.00408
 0.00412
 0.00416
  0.0042
 0.00424
 0.00428
 0.00432
 0.00436
  0.0044
 0.00444
 0.00448
 0.00452
 0.00456
  0.0046
 0.00464
 0.00468
 0.00472
 0.00476
  0.0048
 0.00484
 0.00488
 0.00492
 0.00496
   0.005
 0.00504
 0.00508
 0.00512
 0.00516
  0.0052
 0.00524
 0.00528
 0.00532
 0.00536
  0.0054
 0.00544
 0.00548
 0.00552
 0.00556
  0.0056
 0.00564
 0.00568
 0.00572
 0.00576
  0.0058
 0.00584
 0.00588
 0.00592
 0.00596
   0.006
 0.00604
 0.00608
 0.00612
 0.00616
  0.0062
 0.00624
 0.00628
 0.00632
 0.00636
  0.0064
 0.00644
 0.00648
 0.00652
 0.00656
  0.0066
 0.00664
 0.00668
 0.00672
 0.00676
  0.0068
 0.00684
 0.00688
 0.00692
 0.00696
   0.007
 0.00704
 0.00708
 0.00712
 0.00716
  0.0072
 0.00724
 0.00728
 0.00732
 0.00736
  0.0074
 0.00744
 0.00748
 0.00752
 0.00756
  0.0076
 0.00764
 0.00768
 0.00772
 0.00776
  0.0078
 0.00784
 0.00788
 0.00792
 0.00796
   0.008
 0.00804
 0.00808
 0.00812
 0.00816
  0.0082
 0.00824
 0.00828
 0.00832
 0.00836
  0.0084
 0.00844
 0.00848
 0.00852
 0.00856
  0.0086
 0.00864
 0.00868
 0.00872
 0.00876
  0.0088
 0.00884
 0.00888
 0.00892
 0.00896
   0.009
 0.00904
 0.00908
 0.00912
 0.00916
  0.0092
 0.00924
 0.00928
 0.00932
 0.00936
  0.0094
 0.00944
 0.00948
 0.00952
 0.00956
  0.0096
 0.00964
 0.00968
 0.00972
 0.00976
  0.0098
 0.00984
 0.00988
 0.00992
 0.00996
    0.01
 0.01004
 0.01008
 0.01012
 0.01016
  0.0102
 0.01024
 0.01028
 0.01032
 0.01036
  0.0104
 0.01044
 0.01048
 0.01052
 0.01056
  0.0106
 0.01064
 0.01068
 0.01072
 0.01076
  0.0108
 0.01084
 0.01088
 0.01092
 0.01096
   0.011
 0.01104
 0.01108
 0.01112
 0.01116
  0.0112
 0.01124
 0.01128
 0.01132
 0.01136
  0.0114
 0.01144
 0.01148
 0.01152
 0.01156
  0.0116
 0.01164
 0.01168
 0.01172
 0.01176
  0.0118
 0.01184
 0.01188
 0.01192
 0.01196
   0.012
 0.01204
 0.01208
 0.01212
 0.01216
  0.0122
 0.01224
 0.01228
 0.01232
 0.01236
  0.0124
 0.01244
 0.01248
 0.01252
 0.01256
  0.0126
 0.01264
 0.01268
 0.01272
 0.01276
  0.0128
 0.01284
 0.01288
 0.01292
 0.01296
   0.013
 0.01304
 0.01308
 0.01312
 0.01316
  0.0132
 0.01324
 0.01328
 0.01332
 0.01336
  0.0134
 0.01344
 0.01348
 0.01352
 0.01356
  0.0136
 0.01364
 0.01368
 0.01372
 0.01376
  0.0138
 0.01384
 0.01388
 0.01392
 0.01396
   0.014
 0.01404
 0.01408
 0.01412
 0.01416
  0.0142
 0.01424
 0.01428
 0.01432
 0.01436
  0.0144
 0.01444
 0.01448
 0.01452
 0.01456
  0.0146
 0.01464
 0.01468
 0.01472
 0.01476
  0.0148
 0.01484
 0.01488
 0.01492
 0.01496
   0.015
 0.01504
 0.01508
 0.01512
 0.01516
  0.0152
 0.01524
 0.01528
 0.01532
 0.01536
  0.0154
 0.01544
 0.01548
 0.01552
 0.01556
  0.0156
 0.01564
 0.01568
 0.01572
 0.01576
  0.0158
 0.01584
 0.01588
 0.01592
 0.01596
   0.016
 0.01604
 0.01608
 0.01612
 0.01616
  0.0162
 0.01624
 0.01628
 0.01632
 0.01636
  0.0164
 0.01644
 0.01648
 0.01652
 0.01656
  0.0166
 0.01664
 0.01668
 0.01672
 0.01676
  0.0168
 0.01684
 0.01688
 0.01692
 0.01696
   0.017
 0.01704
 0.01708
 0.01712
 0.01716
  0.0172
 0.01724
 0.01728
 0.01732
 0.01736
  0.0174
 0.01744
 0.01748
 0.01752
 0.01756
  0.0176
 0.01764
 0.01768
 0.01772
 0.01776
  0.0178
 0.01784
 0.01788
 0.01792
 0.01796
   0.018
 0.01804
 0.01808
 0.01812
 0.01816
  0.0182
 0.01824
 0.01828
 0.01832
 0.01836
  0.0184
 0.01844
 0.01848
 0.01852
 0.01856
  0.0186
 0.01864
 0.01868
 0.01872
 0.01876
  0.0188
 0.01884
 0.01888
 0.01892
 0.01896
   0.019
 0.01904
 0.01908
 0.01912
 0.01916
  0.0192
 0.01924
 0.01928
 0.01932
 0.01936
  0.0194
 0.01944
 0.01948
 0.01952
 0.01956
  0.0196
 0.01964
 0.01968
 0.01972
 0.01976
  0.0198
 0.01984
 0.01988
 0.01992
 0.01996
    0.02
 0.02004
 0.02008
 0.02012
 0.02016
  0.0202
 0.02024
 0.02028
 0.02032
 0.02036
  0.0204
 0.02044
 0.02048
 0.02052
 0.02056
  0.0206
 0.02064
 0.02068
 0.02072
 0.02076
  0.0208
 0.02084
 0.02088
 0.02092
 0.02096
   0.021
 0.02104
 0.02108
 0.02112
 0.02116
  0.0212
 0.02124
 0.02128
 0.02132
 0.02136
  0.0214
 0.02144
 0.02148
 0.02152
 0.02156
  0.0216
 0.02164
 0.02168
 0.02172
 0.02176
  0.0218
 0.02184
 0.02188
 0.02192
 0.02196
   0.022
 0.02204
 0.02208
 0.02212
 0.02216
  0.0222
 0.02224
 0.02228
 0.02232
 0.02236
  0.0224
 0.02244
 0.02248
 0.02252
 0.02256
  0.0226
 0.02264
 0.02268
 0.02272
 0.02276
  0.0228
 0.02284
 0.02288
 0.02292
 0.02296
   0.023
 0.02304
 0.02308
 0.02312
 0.02316
  0.0232
 0.02324
 0.02328
 0.02332
 0.02336
  0.0234
 0.02344
 0.02348
 0.02352
 0.02356
  0.0236
 0.02364
 0.02368
 0.02372
 0.02376
  0.0238
 0.02384
 0.02388
 0.02392
 0.02396
   0.024
 0.02404
 0.02408
 0.02412
 0.02416
  0.0242
 0.02424
 0.02428
 0.02432
 0.02436
  0.0244
 0.02444
 0.02448
 0.02452
 0.02456
  0.0246
 0.02464
 0.02468
 0.02472
 0.02476
  0.0248
 0.02484
 0.02488
 0.02492
 0.02496
   0.025
 0.02504
 0.02508
 0.02512
 0.02516
  0.0252
 0.02524
 0.02528
 0.02532
 0.02536
  0.0254
 0.02544
 0.02548
 0.02552
 0.02556
  0.0256
 0.02564
 0.02568
 0.02572
 0.02576
  0.0258
 0.02584
 0.02588
 0.02592
 0.02596
   0.026
 0.02604
 0.02608
 0.02612
 0.02616
  0.0262
 0.02624
 0.02628
 0.02632
 0.02636
  0.0264
 0.02644
 0.02648
 0.02652
 0.02656
  0.0266
 0.02664
 0.02668
 0.02672
 0.02676
  0.0268
 0.02684
 0.02688
 0.02692
 0.02696
   0.027
 0.02704
 0.02708
 0.02712
 0.02716
  0.0272
 0.02724
 0.02728
 0.02732
 0.02736
  0.0274
 0.02744
 0.02748
 0.02752
 0.02756
  0.0276
 0.02764
 0.02768
 0.02772
 0.02776
  0.0278
 0.02784
 0.02788
 0.02792
 0.02796
   0.028
 0.02804
 0.02808
 0.02812
 0.02816
  0.0282
 0.02824
 0.02828
 0.02832
 0.02836
  0.0284
 0.02844
 0.02848
 0.02852
 0.02856
  0.0286
 0.02864
 0.02868
 0.02872
 0.02876
  0.0288
 0.02884
 0.02888
 0.02892
 0.02896
   0.029
 0.02904
 0.02908
 0.02912
 0.02916
  0.0292
 0.02924
 0.02928
 0.02932
 0.02936
  0.0294
 0.02944
 0.02948
 0.02952
 0.02956
  0.0296
 0.02964
 0.02968
 0.02972
 0.02976
  0.0298
 0.02984
 0.02988
 0.02992
 0.02996
    0.03
 0.03004
 0.03008
 0.03012
 0.03016
  0.0302
 0.03024
 0.03028
 0.03032
 0.03036
  0.0304
 0.03044
 0.03048
 0.03052
 0.03056
  0.0306
 0.03064
 0.03068
 0.03072
 0.03076
  0.0308
 0.03084
 0.03088
 0.03092
 0.03096
   0.031
 0.03104
 0.03108
 0.03112
 0.03116
  0.0312
 0.03124
 0.03128
 0.03132
 0.03136
  0.0314
 0.03144
 0.03148
 0.03152
 0.03156
  0.0316
 0.03164
 0.03168
 0.03172
 0.03176
  0.0318
 0.03184
 0.03188
 0.03192
 0.03196
   0.032
 0.03204
 0.03208
 0.03212
 0.03216
  0.0322
 0.03224
 0.03228
 0.03232
 0.03236
  0.0324
 0.03244
 0.03248
 0.03252
 0.03256
  0.0326
 0.03264
 0.03268
 0.03272
 0.03276
  0.0328
 0.03284
 0.03288
 0.03292
 0.03296
   0.033
 0.03304
 0.03308
 0.03312
 0.03316
  0.0332
 0.03324
 0.03328
 0.03332
 0.03336
  0.0334
 0.03344
 0.03348
 0.03352
 0.03356
  0.0336
 0.03364
 0.03368
 0.03372
 0.03376
  0.0338
 0.03384
 0.03388
 0.03392
 0.03396
   0.034
 0.03404
 0.03408
 0.03412
 0.03416
  0.0342
 0.03424
 0.03428
 0.03432
 0.03436
  0.0344
 0.03444
 0.03448
 0.03452
 0.03456
  0.0346
 0.03464
 0.03468
 0.03472
 0.03476
  0.0348
 0.03484
 0.03488
 0.03492
 0.03496
   0.035
 0.03504
 0.03508
 0.03512
 0.03516
  0.0352
 0.03524
 0.03528
 0.03532
 0.03536
  0.0354
 0.03544
 0.03548
 0.03552
 0.03556
  0.0356
 0.03564
 0.03568
 0.03572
 0.03576
  0.0358
 0.03584
 0.03588
 0.03592
 0.03596
   0.036
 0.03604
 0.03608
 0.03612
 0.03616
  0.0362
 0.03624
 0.03628
 0.03632
 0.03636
  0.0364
 0.03644
 0.03648
 0.03652
 0.03656
  0.0366
 0.03664
 0.03668
 0.03672
 0.03676
  0.0368
 0.03684
 0.03688
 0.03692
 0.03696
   0.037
 0.03704
 0.03708
 0.03712
 0.03716
  0.0372
 0.03724
 0.03728
 0.03732
 0.03736
  0.0374
 0.03744
 0.03748
 0.03752
 0.03756
  0.0376
 0.03764
 0.03768
 0.03772
 0.03776
  0.0378
 0.03784
 0.03788
 0.03792
 0.03796
   0.038
 0.03804
 0.03808
 0.03812
 0.03816
  0.0382
 0.03824
 0.03828
 0.03832
 0.03836
  0.0384
 0.03844
 0.03848
 0.03852
 0.03856
  0.0386
 0.03864
 0.03868
 0.03872
 0.03876
  0.0388
 0.03884
 0.03888
 0.03892
 0.03896
   0.039
 0.03904
 0.03908
 0.03912
 0.03916
  0.0392
 0.03924
 0.03928
 0.03932
 0.03936
  0.0394
 0.03944
 0.03948
 0.03952
 0.03956
  0.0396
 0.03964
 0.03968
 0.03972
 0.03976
  0.0398
 0.03984
 0.03988
 0.03992
 0.03996
    0.04
 0.04004
 0.04008
 0.04012
 0.04016
  0.0402
 0.04024
 0.04028
 0.04032
 0.04036
  0.0404
 0.04044
 0.04048
 0.04052
 0.04056
  0.0406
 0.04064
 0.04068
 0.04072
 0.04076
  0.0408
 0.04084
 0.04088
 0.04092
 0.04096
   0.041
 0.04104
 0.04108
 0.04112
 0.04116
  0.0412
 0.04124
 0.04128
 0.04132
 0.04136
  0.0414
 0.04144
 0.04148
 0.04152
 0.04156
  0.0416
 0.04164
 0.04168
 0.04172
 0.04176
  0.0418
 0.04184
 0.04188
 0.04192
 0.04196
   0.042
 0.04204
 0.04208
 0.04212
 0.04216
  0.0422
 0.04224
 0.04228
 0.04232
 0.04236
  0.0424
 0.04244
 0.04248
 0.04252
 0.04256
  0.0426
 0.04264
 0.04268
 0.04272
 0.04276
  0.0428
 0.04284
 0.04288
 0.04292
 0.04296
   0.043
 0.04304
 0.04308
 0.04312
 0.04316
  0.0432
 0.04324
 0.04328
 0.04332
 0.04336
  0.0434
 0.04344
 0.04348
 0.04352
 0.04356
  0.0436
 0.04364
 0.04368
 0.04372
 0.04376
  0.0438
 0.04384
 0.04388
 0.04392
 0.04396
   0.044
 0.04404
 0.04408
 0.04412
 0.04416
  0.0442
 0.04424
 0.04428
 0.04432
 0.04436
  0.0444
 0.04444
 0.04448
 0.04452
 0.04456
  0.0446
 0.04464
 0.04468
 0.04472
 0.04476
  0.0448
 0.04484
 0.04488
 0.04492
 0.04496
   0.045
 0.04504
 0.04508
 0.04512
 0.04516
  0.0452
 0.04524
 0.04528
 0.04532
 0.04536
  0.0454
 0.04544
 0.04548
 0.04552
 0.04556
  0.0456
 0.04564
 0.04568
 0.04572
 0.04576
  0.0458
 0.04584
 0.04588
 0.04592
 0.04596
   0.046
 0.04604
 0.04608
 0.04612
 0.04616
  0.0462
 0.04624
 0.04628
 0.04632
 0.04636
  0.0464
 0.04644
 0.04648
 0.04652
 0.04656
  0.0466
 0.04664
 0.04668
 0.04672
 0.04676
  0.0468
 0.04684
 0.04688
 0.04692
 0.04696
   0.047
 0.04704
 0.04708
 0.04712
 0.04716
  0.0472
 0.04724
 0.04728
 0.04732
 0.04736
  0.0474
 0.04744
 0.04748
 0.04752
 0.04756
  0.0476
 0.04764
 0.04768
 0.04772
 0.04776
  0.0478
 0.04784
 0.04788
 0.04792
 0.04796
   0.048
 0.04804
 0.04808
 0.04812
 0.04816
  0.0482
 0.04824
 0.04828
 0.04832
 0.04836
  0.0484
 0.04844
 0.04848
 0.04852
 0.04856
  0.0486
 0.04864
 0.04868
 0.04872
 0.04876
  0.0488
 0.04884
 0.04888
 0.04892
 0.04896
   0.049
 0.04904
 0.04908
 0.04912
 0.04916
  0.0492
 0.04924
 0.04928
 0.04932
 0.04936
  0.0494
 0.04944
 0.04948
 0.04952
 0.04956
  0.0496
 0.04964
 0.04968
 0.04972
 0.04976
  0.0498
 0.04984
 0.04988
 0.04992
 0.04996
    0.05
 0.05004
 0.05008
 0.05012
 0.05016
  0.0502
 0.05024
 0.05028
 0.05032
 0.05036
  0.0504
 0.05044
 0.05048
 0.05052
 0.05056
  0.0506
 0.05064
 0.05068
 0.05072
 0.05076
  0.0508
 0.05084
 0.05088
 0.05092
 0.05096
   0.051
 0.05104
 0.05108
 0.05112
 0.05116
  0.0512
 0.05124
 0.05128
 0.05132
 0.05136
  0.0514
 0.05144
 0.05148
 0.05152
 0.05156
  0.0516
 0.05164
 0.05168
 0.05172
 0.05176
  0.0518
 0.05184
 0.05188
 0.05192
 0.05196
   0.052
 0.05204
 0.05208
 0.05212
 0.05216
  0.0522
 0.05224
 0.05228
 0.05232
 0.05236
  0.0524
 0.05244
 0.05248
 0.05252
 0.05256
  0.0526
 0.05264
 0.05268
 0.05272
 0.05276
  0.0528
 0.05284
 0.05288
 0.05292
 0.05296
   0.053
 0.05304
 0.05308
 0.05312
 0.05316
  0.0532
 0.05324
 0.05328
 0.05332
 0.05336
  0.0534
 0.05344
 0.05348
 0.05352
 0.05356
  0.0536
 0.05364
 0.05368
 0.05372
 0.05376
  0.0538
 0.05384
 0.05388
 0.05392
 0.05396
   0.054
 0.05404
 0.05408
 0.05412
 0.05416
  0.0542
 0.05424
 0.05428
 0.05432
 0.05436
  0.0544
 0.05444
 0.05448
 0.05452
 0.05456
  0.0546
 0.05464
 0.05468
 0.05472
 0.05476
  0.0548
 0.05484
 0.05488
 0.05492
 0.05496
   0.055
 0.05504
 0.05508
 0.05512
 0.05516
  0.0552
 0.05524
 0.05528
 0.05532
 0.05536
  0.0554
 0.05544
 0.05548
 0.05552
 0.05556
  0.0556
 0.05564
 0.05568
 0.05572
 0.05576
  0.0558
 0.05584
 0.05588
 0.05592
 0.05596
   0.056
 0.05604
 0.05608
 0.05612
 0.05616
  0.0562
 0.05624
 0.05628
 0.05632
 0.05636
  0.0564
 0.05644
 0.05648
 0.05652
 0.05656
  0.0566
 0.05664
 0.05668
 0.05672
 0.05676
  0.0568
 0.05684
 0.05688
 0.05692
 0.05696
   0.057
 0.05704
 0.05708
 0.05712
 0.05716
  0.0572
 0.05724
 0.05728
 0.05732
 0.05736
  0.0574
 0.05744
 0.05748
 0.05752
 0.05756
  0.0576
 0.05764
 0.05768
 0.05772
 0.05776
  0.0578
 0.05784
 0.05788
 0.05792
 0.05796
   0.058
 0.05804
 0.05808
 0.05812
 0.05816
  0.0582
 0.05824
 0.05828
 0.05832
 0.05836
  0.0584
 0.05844
 0.05848
 0.05852
 0.05856
  0.0586
 0.05864
 0.05868
 0.05872
 0.05876
  0.0588
 0.05884
 0.05888
 0.05892
 0.05896
   0.059
 0.05904
 0.05908
 0.05912
 0.05916
  0.0592
 0.05924
 0.05928
 0.05932
 0.05936
  0.0594
 0.05944
 0.05948
 0.05952
 0.05956
  0.0596
 0.05964
 0.05968
 0.05972
 0.05976
  0.0598
 0.05984
 0.05988
 0.05992
 0.05996
    0.06
 0.06004
 0.06008
 0.06012
 0.06016
  0.0602
 0.06024
 0.06028
 0.06032
 0.06036
  0.0604
 0.06044
 0.06048
 0.06052
 0.06056
  0.0606
 0.06064
 0.06068
 0.06072
 0.06076
  0.0608
 0.06084
 0.06088
 0.06092
 0.06096
   0.061
 0.06104
 0.06108
 0.06112
 0.06116
  0.0612
 0.06124
 0.06128
 0.06132
 0.06136
  0.0614
 0.06144
 0.06148
 0.06152
 0.06156
  0.0616
 0.06164
 0.06168
 0.06172
 0.06176
  0.0618
 0.06184
 0.06188
 0.06192
 0.06196
   0.062
 0.06204
 0.06208
 0.06212
 0.06216
  0.0622
 0.06224
 0.06228
 0.06232
 0.06236
  0.0624
 0.06244
 0.06248
 0.06252
 0.06256
  0.0626
 0.06264
 0.06268
 0.06272
 0.06276
  0.0628
 0.06284
 0.06288
 0.06292
 0.06296
   0.063
 0.06304
 0.06308
 0.06312
 0.06316
  0.0632
 0.06324
 0.06328
 0.06332
 0.06336
  0.0634
 0.06344
 0.06348
 0.06352
 0.06356
  0.0636
 0.06364
 0.06368
 0.06372
 0.06376
  0.0638
 0.06384
 0.06388
 0.06392
 0.06396
   0.064
 0.06404
 0.06408
 0.06412
 0.06416
  0.0642
 0.06424
 0.06428
 0.06432
 0.06436
  0.0644
 0.06444
 0.06448
 0.06452
 0.06456
  0.0646
 0.06464
 0.06468
 0.06472
 0.06476
  0.0648
 0.06484
 0.06488
 0.06492
 0.06496
   0.065
 0.06504
 0.06508
 0.06512
 0.06516
  0.0652
 0.06524
 0.06528
 0.06532
 0.06536
  0.0654
 0.06544
 0.06548
 0.06552
 0.06556
  0.0656
 0.06564
 0.06568
 0.06572
 0.06576
  0.0658
 0.06584
 0.06588
 0.06592
 0.06596
   0.066
 0.06604
 0.06608
 0.06612
 0.06616
  0.0662
 0.06624
 0.06628
 0.06632
 0.06636
  0.0664
 0.06644
 0.06648
 0.06652
 0.06656
  0.0666
 0.06664
 0.06668
 0.06672
 0.06676
  0.0668
 0.06684
 0.06688
 0.06692
 0.06696
   0.067
 0.06704
 0.06708
 0.06712
 0.06716
  0.0672
 0.06724
 0.06728
 0.06732
 0.06736
  0.0674
 0.06744
 0.06748
 0.06752
 0.06756
  0.0676
 0.06764
 0.06768
 0.06772
 0.06776
  0.0678
 0.06784
 0.06788
 0.06792
 0.06796
   0.068
 0.06804
 0.06808
 0.06812
 0.06816
  0.0682
 0.06824
 0.06828
 0.06832
 0.06836
  0.0684
 0.06844
 0.06848
 0.06852
 0.06856
  0.0686
 0.06864
 0.06868
 0.06872
 0.06876
  0.0688
 0.06884
 0.06888
 0.06892
 0.06896
   0.069
 0.06904
 0.06908
 0.06912
 0.06916
  0.0692
 0.06924
 0.06928
 0.06932
 0.06936
  0.0694
 0.06944
 0.06948
 0.06952
 0.06956
  0.0696
 0.06964
 0.06968
 0.06972
 0.06976
  0.0698
 0.06984
 0.06988
 0.06992
 0.06996
    0.07
 0.07004
 0.07008
 0.07012
 0.07016
  0.0702
 0.07024
 0.07028
 0.07032
 0.07036
  0.0704
 0.07044
 0.07048
 0.07052
 0.07056
  0.0706
 0.07064
 0.07068
 0.07072
 0.07076
  0.0708
 0.07084
 0.07088
 0.07092
 0.07096
   0.071
 0.07104
 0.07108
 0.07112
 0.07116
  0.0712
 0.07124
 0.07128
 0.07132
 0.07136
  0.0714
 0.07144
 0.07148
 0.07152
 0.07156
  0.0716
 0.07164
 0.07168
 0.07172
 0.07176
  0.0718
 0.07184
 0.07188
 0.07192
 0.07196
   0.072
 0.07204
 0.07208
 0.07212
 0.07216
  0.0722
 0.07224
 0.07228
 0.07232
 0.07236
  0.0724
 0.07244
 0.07248
 0.07252
 0.07256
  0.0726
 0.07264
 0.07268
 0.07272
 0.07276
  0.0728
 0.07284
 0.07288
 0.07292
 0.07296
   0.073
 0.07304
 0.07308
 0.07312
 0.07316
  0.0732
 0.07324
 0.07328
 0.07332
 0.07336
  0.0734
 0.07344
 0.07348
 0.07352
 0.07356
  0.0736
 0.07364
 0.07368
 0.07372
 0.07376
  0.0738
 0.07384
 0.07388
 0.07392
 0.07396
   0.074
 0.07404
 0.07408
 0.07412
 0.07416
  0.0742
 0.07424
 0.07428
 0.07432
 0.07436
  0.0744
 0.07444
 0.07448
 0.07452
 0.07456
  0.0746
 0.07464
 0.07468
 0.07472
 0.07476
  0.0748
 0.07484
 0.07488
 0.07492
 0.07496
   0.075
 0.07504
 0.07508
 0.07512
 0.07516
  0.0752
 0.07524
 0.07528
 0.07532
 0.07536
  0.0754
 0.07544
 0.07548
 0.07552
 0.07556
  0.0756
 0.07564
 0.07568
 0.07572
 0.07576
  0.0758
 0.07584
 0.07588
 0.07592
 0.07596
   0.076
 0.07604
 0.07608
 0.07612
 0.07616
  0.0762
 0.07624
 0.07628
 0.07632
 0.07636
  0.0764
 0.07644
 0.07648
 0.07652
 0.07656
  0.0766
 0.07664
 0.07668
 0.07672
 0.07676
  0.0768
 0.07684
 0.07688
 0.07692
 0.07696
   0.077
 0.07704
 0.07708
 0.07712
 0.07716
  0.0772
 0.07724
 0.07728
 0.07732
 0.07736
  0.0774
 0.07744
 0.07748
 0.07752
 0.07756
  0.0776
 0.07764
 0.07768
 0.07772
 0.07776
  0.0778
 0.07784
 0.07788
 0.07792
 0.07796
   0.078
 0.07804
 0.07808
 0.07812
 0.07816
  0.0782
 0.07824
 0.07828
 0.07832
 0.07836
  0.0784
 0.07844
 0.07848
 0.07852
 0.07856
  0.0786
 0.07864
 0.07868
 0.07872
 0.07876
  0.0788
 0.07884
 0.07888
 0.07892
 0.07896
   0.079
 0.07904
 0.07908
 0.07912
 0.07916
  0.0792
 0.07924
 0.07928
 0.07932
 0.07936
  0.0794
 0.07944
 0.07948
 0.07952
 0.07956
  0.0796
 0.07964
 0.07968
 0.07972
 0.07976
  0.0798
 0.07984
 0.07988
 0.07992
 0.07996
    0.08
 0.08004
 0.08008
 0.08012
 0.08016
  0.0802
 0.08024
 0.08028
 0.08032
 0.08036
  0.0804
 0.08044
 0.08048
 0.08052
 0.08056
  0.0806
 0.08064
 0.08068
 0.08072
 0.08076
  0.0808
 0.08084
 0.08088
 0.08092
 0.08096
   0.081
 0.08104
 0.08108
 0.08112
 0.08116
  0.0812
 0.08124
 0.08128
 0.08132
 0.08136
  0.0814
 0.08144
 0.08148
 0.08152
 0.08156
  0.0816
 0.08164
 0.08168
 0.08172
 0.08176
  0.0818
 0.08184
 0.08188
 0.08192
 0.08196
   0.082
 0.08204
 0.08208
 0.08212
 0.08216
  0.0822
 0.08224
 0.08228
 0.08232
 0.08236
  0.0824
 0.08244
 0.08248
 0.08252
 0.08256
  0.0826
 0.08264
 0.08268
 0.08272
 0.08276
  0.0828
 0.08284
 0.08288
 0.08292
 0.08296
   0.083
 0.08304
 0.08308
 0.08312
 0.08316
  0.0832
 0.08324
 0.08328
 0.08332
 0.08336
  0.0834
 0.08344
 0.08348
 0.08352
 0.08356
  0.0836
 0.08364
 0.08368
 0.08372
 0.08376
  0.0838
 0.08384
 0.08388
 0.08392
 0.08396
   0.084
 0.08404
 0.08408
 0.08412
 0.08416
  0.0842
 0.08424
 0.08428
 0.08432
 0.08436
  0.0844
 0.08444
 0.08448
 0.08452
 0.08456
  0.0846
 0.08464
 0.08468
 0.08472
 0.08476
  0.0848
 0.08484
 0.08488
 0.08492
 0.08496
   0.085
 0.08504
 0.08508
 0.08512
 0.08516
  0.0852
 0.08524
 0.08528
 0.08532
 0.08536
  0.0854
 0.08544
 0.08548
 0.08552
 0.08556
  0.0856
 0.08564
 0.08568
 0.08572
 0.08576
  0.0858
 0.08584
 0.08588
 0.08592
 0.08596
   0.086
 0.08604
 0.08608
 0.08612
 0.08616
  0.0862
 0.08624
 0.08628
 0.08632
 0.08636
  0.0864
 0.08644
 0.08648
 0.08652
 0.08656
  0.0866
 0.08664
 0.08668
 0.08672
 0.08676
  0.0868
 0.08684
 0.08688
 0.08692
 0.08696
   0.087
 0.08704
 0.08708
 0.08712
 0.08716
  0.0872
 0.08724
 0.08728
 0.08732
 0.08736
  0.0874
 0.08744
 0.08748
 0.08752
 0.08756
  0.0876
 0.08764
 0.08768
 0.08772
 0.08776
  0.0878
 0.08784
 0.08788
 0.08792
 0.08796
   0.088
 0.08804
 0.08808
 0.08812
 0.08816
  0.0882
 0.08824
 0.08828
 0.08832
 0.08836
  0.0884
 0.08844
 0.08848
 0.08852
 0.08856
  0.0886
 0.08864
 0.08868
 0.08872
 0.08876
  0.0888
 0.08884
 0.08888
 0.08892
 0.08896
   0.089
 0.08904
 0.08908
 0.08912
 0.08916
  0.0892
 0.08924
 0.08928
 0.08932
 0.08936
  0.0894
 0.08944
 0.08948
 0.08952
 0.08956
  0.0896
 0.08964
 0.08968
 0.08972
 0.08976
  0.0898
 0.08984
 0.08988
 0.08992
 0.08996
    0.09
 0.09004
 0.09008
 0.09012
 0.09016
  0.0902
 0.09024
 0.09028
 0.09032
 0.09036
  0.0904
 0.09044
 0.09048
 0.09052
 0.09056
  0.0906
 0.09064
 0.09068
 0.09072
 0.09076
  0.0908
 0.09084
 0.09088
 0.09092
 0.09096
   0.091
 0.09104
 0.09108
 0.09112
 0.09116
  0.0912
 0.09124
 0.09128
 0.09132
 0.09136
  0.0914
 0.09144
 0.09148
 0.09152
 0.09156
  0.0916
 0.09164
 0.09168
 0.09172
 0.09176
  0.0918
 0.09184
 0.09188
 0.09192
 0.09196
   0.092
 0.09204
 0.09208
 0.09212
 0.09216
  0.0922
 0.09224
 0.09228
 0.09232
 0.09236
  0.0924
 0.09244
 0.09248
 0.09252
 0.09256
  0.0926
 0.09264
 0.09268
 0.09272
 0.09276
  0.0928
 0.09284
 0.09288
 0.09292
 0.09296
   0.093
 0.09304
 0.09308
 0.09312
 0.09316
  0.0932
 0.09324
 0.09328
 0.09332
 0.09336
  0.0934
 0.09344
 0.09348
 0.09352
 0.09356
  0.0936
 0.09364
 0.09368
 0.09372
 0.09376
  0.0938
 0.09384
 0.09388
 0.09392
 0.09396
   0.094
 0.09404
 0.09408
 0.09412
 0.09416
  0.0942
 0.09424
 0.09428
 0.09432
 0.09436
  0.0944
 0.09444
 0.09448
 0.09452
 0.09456
  0.0946
 0.09464
 0.09468
 0.09472
 0.09476
  0.0948
 0.09484
 0.09488
 0.09492
 0.09496
   0.095
 0.09504
 0.09508
 0.09512
 0.09516
  0.0952
 0.09524
 0.09528
 0.09532
 0.09536
  0.0954
 0.09544
 0.09548
 0.09552
 0.09556
  0.0956
 0.09564
 0.09568
 0.09572
 0.09576
  0.0958
 0.09584
 0.09588
 0.09592
 0.09596
   0.096
 0.09604
 0.09608
 0.09612
 0.09616
  0.0962
 0.09624
 0.09628
 0.09632
 0.09636
  0.0964
 0.09644
 0.09648
 0.09652
 0.09656
  0.0966
 0.09664
 0.09668
 0.09672
 0.09676
  0.0968
 0.09684
 0.09688
 0.09692
 0.09696
   0.097
 0.09704
 0.09708
 0.09712
 0.09716
  0.0972
 0.09724
 0.09728
 0.09732
 0.09736
  0.0974
 0.09744
 0.09748
 0.09752
 0.09756
  0.0976
 0.09764
 0.09768
 0.09772
 0.09776
  0.0978
 0.09784
 0.09788
 0.09792
 0.09796
   0.098
 0.09804
 0.09808
 0.09812
 0.09816
  0.0982
 0.09824
 0.09828
 0.09832
 0.09836
  0.0984
 0.09844
 0.09848
 0.09852
 0.09856
  0.0986
 0.09864
 0.09868
 0.09872
 0.09876
  0.0988
 0.09884
 0.09888
 0.09892
 0.09896
   0.099
 0.09904
 0.09908
 0.09912
 0.09916
  0.0992
 0.09924
 0.09928
 0.09932
 0.09936
  0.0994
 0.09944
 0.09948
 0.09952
 0.09956
  0.0996
 0.09964
 0.09968
 0.09972
 0.09976
  0.0998
 0.09984
 0.09988
 0.09992
 0.09996
     0.1
