     8
 8.002
 8.004
 8.006
 8.008
  8.01
 8.012
 8.014
 8.016
 8.018
  8.02
 8.022
 8.024
 8.026
 8.028
  8.03
 8.032
 8.034
 8.036
 8.038
  8.04
 8.042
 8.044
 8.046
 8.048
  8.05
 8.052
 8.054
 8.056
 8.058
  8.06
 8.062
 8.064
 8.066
 8.068
  8.07
 8.072
 8.074
 8.076
 8.078
  8.08
 8.082
 8.084
 8.086
 8.088
  8.09
 8.092
 8.094
 8.096
 8.098
   8.1
 8.102
 8.104
 8.106
 8.108
  8.11
 8.112
 8.114
 8.116
 8.118
  8.12
 8.122
 8.124
 8.126
 8.128
  8.13
 8.132
 8.134
 8.136
 8.138
  8.14
 8.142
 8.144
 8.146
 8.148
  8.15
 8.152
 8.154
 8.156
 8.158
  8.16
 8.162
 8.164
 8.166
 8.168
  8.17
 8.172
 8.174
 8.176
 8.178
  8.18
 8.182
 8.184
 8.186
 8.188
  8.19
 8.192
 8.194
 8.196
 8.198
   8.2
 8.202
 8.204
 8.206
 8.208
  8.21
 8.212
 8.214
 8.216
 8.218
  8.22
 8.222
 8.224
 8.226
 8.228
  8.23
 8.232
 8.234
 8.236
 8.238
  8.24
 8.242
 8.244
 8.246
 8.248
  8.25
 8.252
 8.254
 8.256
 8.258
  8.26
 8.262
 8.264
 8.266
 8.268
  8.27
 8.272
 8.274
 8.276
 8.278
  8.28
 8.282
 8.284
 8.286
 8.288
  8.29
 8.292
 8.294
 8.296
 8.298
   8.3
 8.302
 8.304
 8.306
 8.308
  8.31
 8.312
 8.314
 8.316
 8.318
  8.32
 8.322
 8.324
 8.326
 8.328
  8.33
 8.332
 8.334
 8.336
 8.338
  8.34
 8.342
 8.344
 8.346
 8.348
  8.35
 8.352
 8.354
 8.356
 8.358
  8.36
 8.362
 8.364
 8.366
 8.368
  8.37
 8.372
 8.374
 8.376
 8.378
  8.38
 8.382
 8.384
 8.386
 8.388
  8.39
 8.392
 8.394
 8.396
 8.398
   8.4
 8.402
 8.404
 8.406
 8.408
  8.41
 8.412
 8.414
 8.416
 8.418
  8.42
 8.422
 8.424
 8.426
 8.428
  8.43
 8.432
 8.434
 8.436
 8.438
  8.44
 8.442
 8.444
 8.446
 8.448
  8.45
 8.452
 8.454
 8.456
 8.458
  8.46
 8.462
 8.464
 8.466
 8.468
  8.47
 8.472
 8.474
 8.476
 8.478
  8.48
 8.482
 8.484
 8.486
 8.488
  8.49
 8.492
 8.494
 8.496
 8.498
   8.5
 8.502
 8.504
 8.506
 8.508
  8.51
 8.512
 8.514
 8.516
 8.518
  8.52
 8.522
 8.524
 8.526
 8.528
  8.53
 8.532
 8.534
 8.536
 8.538
  8.54
 8.542
 8.544
 8.546
 8.548
  8.55
 8.552
 8.554
 8.556
 8.558
  8.56
 8.562
 8.564
 8.566
 8.568
  8.57
 8.572
 8.574
 8.576
 8.578
  8.58
 8.582
 8.584
 8.586
 8.588
  8.59
 8.592
 8.594
 8.596
 8.598
   8.6
 8.602
 8.604
 8.606
 8.608
  8.61
 8.612
 8.614
 8.616
 8.618
  8.62
 8.622
 8.624
 8.626
 8.628
  8.63
 8.632
 8.634
 8.636
 8.638
  8.64
 8.642
 8.644
 8.646
 8.648
  8.65
 8.652
 8.654
 8.656
 8.658
  8.66
 8.662
 8.664
 8.666
 8.668
  8.67
 8.672
 8.674
 8.676
 8.678
  8.68
 8.682
 8.684
 8.686
 8.688
  8.69
 8.692
 8.694
 8.696
 8.698
   8.7
 8.702
 8.704
 8.706
 8.708
  8.71
 8.712
 8.714
 8.716
 8.718
  8.72
 8.722
 8.724
 8.726
 8.728
  8.73
 8.732
 8.734
 8.736
 8.738
  8.74
 8.742
 8.744
 8.746
 8.748
  8.75
 8.752
 8.754
 8.756
 8.758
  8.76
 8.762
 8.764
 8.766
 8.768
  8.77
 8.772
 8.774
 8.776
 8.778
  8.78
 8.782
 8.784
 8.786
 8.788
  8.79
 8.792
 8.794
 8.796
 8.798
   8.8
 8.802
 8.804
 8.806
 8.808
  8.81
 8.812
 8.814
 8.816
 8.818
  8.82
 8.822
 8.824
 8.826
 8.828
  8.83
 8.832
 8.834
 8.836
 8.838
  8.84
 8.842
 8.844
 8.846
 8.848
  8.85
 8.852
 8.854
 8.856
 8.858
  8.86
 8.862
 8.864
 8.866
 8.868
  8.87
 8.872
 8.874
 8.876
 8.878
  8.88
 8.882
 8.884
 8.886
 8.888
  8.89
 8.892
 8.894
 8.896
 8.898
   8.9
 8.902
 8.904
 8.906
 8.908
  8.91
 8.912
 8.914
 8.916
 8.918
  8.92
 8.922
 8.924
 8.926
 8.928
  8.93
 8.932
 8.934
 8.936
 8.938
  8.94
 8.942
 8.944
 8.946
 8.948
  8.95
 8.952
 8.954
 8.956
 8.958
  8.96
 8.962
 8.964
 8.966
 8.968
  8.97
 8.972
 8.974
 8.976
 8.978
  8.98
 8.982
 8.984
 8.986
 8.988
  8.99
 8.992
 8.994
 8.996
 8.998
     9
 9.002
 9.004
 9.006
 9.008
  9.01
 9.012
 9.014
 9.016
 9.018
  9.02
 9.022
 9.024
 9.026
 9.028
  9.03
 9.032
 9.034
 9.036
 9.038
  9.04
 9.042
 9.044
 9.046
 9.048
  9.05
 9.052
 9.054
 9.056
 9.058
  9.06
 9.062
 9.064
 9.066
 9.068
  9.07
 9.072
 9.074
 9.076
 9.078
  9.08
 9.082
 9.084
 9.086
 9.088
  9.09
 9.092
 9.094
 9.096
 9.098
   9.1
 9.102
 9.104
 9.106
 9.108
  9.11
 9.112
 9.114
 9.116
 9.118
  9.12
 9.122
 9.124
 9.126
 9.128
  9.13
 9.132
 9.134
 9.136
 9.138
  9.14
 9.142
 9.144
 9.146
 9.148
  9.15
 9.152
 9.154
 9.156
 9.158
  9.16
 9.162
 9.164
 9.166
 9.168
  9.17
 9.172
 9.174
 9.176
 9.178
  9.18
 9.182
 9.184
 9.186
 9.188
  9.19
 9.192
 9.194
 9.196
 9.198
   9.2
 9.202
 9.204
 9.206
 9.208
  9.21
 9.212
 9.214
 9.216
 9.218
  9.22
 9.222
 9.224
 9.226
 9.228
  9.23
 9.232
 9.234
 9.236
 9.238
  9.24
 9.242
 9.244
 9.246
 9.248
  9.25
 9.252
 9.254
 9.256
 9.258
  9.26
 9.262
 9.264
 9.266
 9.268
  9.27
 9.272
 9.274
 9.276
 9.278
  9.28
 9.282
 9.284
 9.286
 9.288
  9.29
 9.292
 9.294
 9.296
 9.298
   9.3
 9.302
 9.304
 9.306
 9.308
  9.31
 9.312
 9.314
 9.316
 9.318
  9.32
 9.322
 9.324
 9.326
 9.328
  9.33
 9.332
 9.334
 9.336
 9.338
  9.34
 9.342
 9.344
 9.346
 9.348
  9.35
 9.352
 9.354
 9.356
 9.358
  9.36
 9.362
 9.364
 9.366
 9.368
  9.37
 9.372
 9.374
 9.376
 9.378
  9.38
 9.382
 9.384
 9.386
 9.388
  9.39
 9.392
 9.394
 9.396
 9.398
   9.4
 9.402
 9.404
 9.406
 9.408
  9.41
 9.412
 9.414
 9.416
 9.418
  9.42
 9.422
 9.424
 9.426
 9.428
  9.43
 9.432
 9.434
 9.436
 9.438
  9.44
 9.442
 9.444
 9.446
 9.448
  9.45
 9.452
 9.454
 9.456
 9.458
  9.46
 9.462
 9.464
 9.466
 9.468
  9.47
 9.472
 9.474
 9.476
 9.478
  9.48
 9.482
 9.484
 9.486
 9.488
  9.49
 9.492
 9.494
 9.496
 9.498
   9.5
 9.502
 9.504
 9.506
 9.508
  9.51
 9.512
 9.514
 9.516
 9.518
  9.52
 9.522
 9.524
 9.526
 9.528
  9.53
 9.532
 9.534
 9.536
 9.538
  9.54
 9.542
 9.544
 9.546
 9.548
  9.55
 9.552
 9.554
 9.556
 9.558
  9.56
 9.562
 9.564
 9.566
 9.568
  9.57
 9.572
 9.574
 9.576
 9.578
  9.58
 9.582
 9.584
 9.586
 9.588
  9.59
 9.592
 9.594
 9.596
 9.598
   9.6
 9.602
 9.604
 9.606
 9.608
  9.61
 9.612
 9.614
 9.616
 9.618
  9.62
 9.622
 9.624
 9.626
 9.628
  9.63
 9.632
 9.634
 9.636
 9.638
  9.64
 9.642
 9.644
 9.646
 9.648
  9.65
 9.652
 9.654
 9.656
 9.658
  9.66
 9.662
 9.664
 9.666
 9.668
  9.67
 9.672
 9.674
 9.676
 9.678
  9.68
 9.682
 9.684
 9.686
 9.688
  9.69
 9.692
 9.694
 9.696
 9.698
   9.7
 9.702
 9.704
 9.706
 9.708
  9.71
 9.712
 9.714
 9.716
 9.718
  9.72
 9.722
 9.724
 9.726
 9.728
  9.73
 9.732
 9.734
 9.736
 9.738
  9.74
 9.742
 9.744
 9.746
 9.748
  9.75
 9.752
 9.754
 9.756
 9.758
  9.76
 9.762
 9.764
 9.766
 9.768
  9.77
 9.772
 9.774
 9.776
 9.778
  9.78
 9.782
 9.784
 9.786
 9.788
  9.79
 9.792
 9.794
 9.796
 9.798
   9.8
 9.802
 9.804
 9.806
 9.808
  9.81
 9.812
 9.814
 9.816
 9.818
  9.82
 9.822
 9.824
 9.826
 9.828
  9.83
 9.832
 9.834
 9.836
 9.838
  9.84
 9.842
 9.844
 9.846
 9.848
  9.85
 9.852
 9.854
 9.856
 9.858
  9.86
 9.862
 9.864
 9.866
 9.868
  9.87
 9.872
 9.874
 9.876
 9.878
  9.88
 9.882
 9.884
 9.886
 9.888
  9.89
 9.892
 9.894
 9.896
 9.898
   9.9
 9.902
 9.904
 9.906
 9.908
  9.91
 9.912
 9.914
 9.916
 9.918
  9.92
 9.922
 9.924
 9.926
 9.928
  9.93
 9.932
 9.934
 9.936
 9.938
  9.94
 9.942
 9.944
 9.946
 9.948
  9.95
 9.952
 9.954
 9.956
 9.958
  9.96
 9.962
 9.964
 9.966
 9.968
  9.97
 9.972
 9.974
 9.976
 9.978
  9.98
 9.982
 9.984
 9.986
 9.988
  9.99
 9.992
 9.994
 9.996
 9.998
    10
10.002
10.004
10.006
10.008
 10.01
10.012
10.014
10.016
10.018
 10.02
10.022
10.024
10.026
10.028
 10.03
10.032
10.034
10.036
10.038
 10.04
10.042
10.044
10.046
10.048
 10.05
10.052
10.054
10.056
10.058
 10.06
10.062
10.064
10.066
10.068
 10.07
10.072
10.074
10.076
10.078
 10.08
10.082
10.084
10.086
10.088
 10.09
10.092
10.094
10.096
10.098
  10.1
10.102
10.104
10.106
10.108
 10.11
10.112
10.114
10.116
10.118
 10.12
10.122
10.124
10.126
10.128
 10.13
10.132
10.134
10.136
10.138
 10.14
10.142
10.144
10.146
10.148
 10.15
10.152
10.154
10.156
10.158
 10.16
10.162
10.164
10.166
10.168
 10.17
10.172
10.174
10.176
10.178
 10.18
10.182
10.184
10.186
10.188
 10.19
10.192
10.194
10.196
10.198
  10.2
10.202
10.204
10.206
10.208
 10.21
10.212
10.214
10.216
10.218
 10.22
10.222
10.224
10.226
10.228
 10.23
10.232
10.234
10.236
10.238
 10.24
10.242
10.244
10.246
10.248
 10.25
10.252
10.254
10.256
10.258
 10.26
10.262
10.264
10.266
10.268
 10.27
10.272
10.274
10.276
10.278
 10.28
10.282
10.284
10.286
10.288
 10.29
10.292
10.294
10.296
10.298
  10.3
10.302
10.304
10.306
10.308
 10.31
10.312
10.314
10.316
10.318
 10.32
10.322
10.324
10.326
10.328
 10.33
10.332
10.334
10.336
10.338
 10.34
10.342
10.344
10.346
10.348
 10.35
10.352
10.354
10.356
10.358
 10.36
10.362
10.364
10.366
10.368
 10.37
10.372
10.374
10.376
10.378
 10.38
10.382
10.384
10.386
10.388
 10.39
10.392
10.394
10.396
10.398
  10.4
10.402
10.404
10.406
10.408
 10.41
10.412
10.414
10.416
10.418
 10.42
10.422
10.424
10.426
10.428
 10.43
10.432
10.434
10.436
10.438
 10.44
10.442
10.444
10.446
10.448
 10.45
10.452
10.454
10.456
10.458
 10.46
10.462
10.464
10.466
10.468
 10.47
10.472
10.474
10.476
10.478
 10.48
10.482
10.484
10.486
10.488
 10.49
10.492
10.494
10.496
10.498
  10.5
10.502
10.504
10.506
10.508
 10.51
10.512
10.514
10.516
10.518
 10.52
10.522
10.524
10.526
10.528
 10.53
10.532
10.534
10.536
10.538
 10.54
10.542
10.544
10.546
10.548
 10.55
10.552
10.554
10.556
10.558
 10.56
10.562
10.564
10.566
10.568
 10.57
10.572
10.574
10.576
10.578
 10.58
10.582
10.584
10.586
10.588
 10.59
10.592
10.594
10.596
10.598
  10.6
10.602
10.604
10.606
10.608
 10.61
10.612
10.614
10.616
10.618
 10.62
10.622
10.624
10.626
10.628
 10.63
10.632
10.634
10.636
10.638
 10.64
10.642
10.644
10.646
10.648
 10.65
10.652
10.654
10.656
10.658
 10.66
10.662
10.664
10.666
10.668
 10.67
10.672
10.674
10.676
10.678
 10.68
10.682
10.684
10.686
10.688
 10.69
10.692
10.694
10.696
10.698
  10.7
10.702
10.704
10.706
10.708
 10.71
10.712
10.714
10.716
10.718
 10.72
10.722
10.724
10.726
10.728
 10.73
10.732
10.734
10.736
10.738
 10.74
10.742
10.744
10.746
10.748
 10.75
10.752
10.754
10.756
10.758
 10.76
10.762
10.764
10.766
10.768
 10.77
10.772
10.774
10.776
10.778
 10.78
10.782
10.784
10.786
10.788
 10.79
10.792
10.794
10.796
10.798
  10.8
10.802
10.804
10.806
10.808
 10.81
10.812
10.814
10.816
10.818
 10.82
10.822
10.824
10.826
10.828
 10.83
10.832
10.834
10.836
10.838
 10.84
10.842
10.844
10.846
10.848
 10.85
10.852
10.854
10.856
10.858
 10.86
10.862
10.864
10.866
10.868
 10.87
10.872
10.874
10.876
10.878
 10.88
10.882
10.884
10.886
10.888
 10.89
10.892
10.894
10.896
10.898
  10.9
10.902
10.904
10.906
10.908
 10.91
10.912
10.914
10.916
10.918
 10.92
10.922
10.924
10.926
10.928
 10.93
10.932
10.934
10.936
10.938
 10.94
10.942
10.944
10.946
10.948
 10.95
10.952
10.954
10.956
10.958
 10.96
10.962
10.964
10.966
10.968
 10.97
10.972
10.974
10.976
10.978
 10.98
10.982
10.984
10.986
10.988
 10.99
10.992
10.994
10.996
10.998
    11
11.002
11.004
11.006
11.008
 11.01
11.012
11.014
11.016
11.018
 11.02
11.022
11.024
11.026
11.028
 11.03
11.032
11.034
11.036
11.038
 11.04
11.042
11.044
11.046
11.048
 11.05
11.052
11.054
11.056
11.058
 11.06
11.062
11.064
11.066
11.068
 11.07
11.072
11.074
11.076
11.078
 11.08
11.082
11.084
11.086
11.088
 11.09
11.092
11.094
11.096
11.098
  11.1
11.102
11.104
11.106
11.108
 11.11
11.112
11.114
11.116
11.118
 11.12
11.122
11.124
11.126
11.128
 11.13
11.132
11.134
11.136
11.138
 11.14
11.142
11.144
11.146
11.148
 11.15
11.152
11.154
11.156
11.158
 11.16
11.162
11.164
11.166
11.168
 11.17
11.172
11.174
11.176
11.178
 11.18
11.182
11.184
11.186
11.188
 11.19
11.192
11.194
11.196
11.198
  11.2
11.202
11.204
11.206
11.208
 11.21
11.212
11.214
11.216
11.218
 11.22
11.222
11.224
11.226
11.228
 11.23
11.232
11.234
11.236
11.238
 11.24
11.242
11.244
11.246
11.248
 11.25
11.252
11.254
11.256
11.258
 11.26
11.262
11.264
11.266
11.268
 11.27
11.272
11.274
11.276
11.278
 11.28
11.282
11.284
11.286
11.288
 11.29
11.292
11.294
11.296
11.298
  11.3
11.302
11.304
11.306
11.308
 11.31
11.312
11.314
11.316
11.318
 11.32
11.322
11.324
11.326
11.328
 11.33
11.332
11.334
11.336
11.338
 11.34
11.342
11.344
11.346
11.348
 11.35
11.352
11.354
11.356
11.358
 11.36
11.362
11.364
11.366
11.368
 11.37
11.372
11.374
11.376
11.378
 11.38
11.382
11.384
11.386
11.388
 11.39
11.392
11.394
11.396
11.398
  11.4
11.402
11.404
11.406
11.408
 11.41
11.412
11.414
11.416
11.418
 11.42
11.422
11.424
11.426
11.428
 11.43
11.432
11.434
11.436
11.438
 11.44
11.442
11.444
11.446
11.448
 11.45
11.452
11.454
11.456
11.458
 11.46
11.462
11.464
11.466
11.468
 11.47
11.472
11.474
11.476
11.478
 11.48
11.482
11.484
11.486
11.488
 11.49
11.492
11.494
11.496
11.498
  11.5
11.502
11.504
11.506
11.508
 11.51
11.512
11.514
11.516
11.518
 11.52
11.522
11.524
11.526
11.528
 11.53
11.532
11.534
11.536
11.538
 11.54
11.542
11.544
11.546
11.548
 11.55
11.552
11.554
11.556
11.558
 11.56
11.562
11.564
11.566
11.568
 11.57
11.572
11.574
11.576
11.578
 11.58
11.582
11.584
11.586
11.588
 11.59
11.592
11.594
11.596
11.598
  11.6
11.602
11.604
11.606
11.608
 11.61
11.612
11.614
11.616
11.618
 11.62
11.622
11.624
11.626
11.628
 11.63
11.632
11.634
11.636
11.638
 11.64
11.642
11.644
11.646
11.648
 11.65
11.652
11.654
11.656
11.658
 11.66
11.662
11.664
11.666
11.668
 11.67
11.672
11.674
11.676
11.678
 11.68
11.682
11.684
11.686
11.688
 11.69
11.692
11.694
11.696
11.698
  11.7
11.702
11.704
11.706
11.708
 11.71
11.712
11.714
11.716
11.718
 11.72
11.722
11.724
11.726
11.728
 11.73
11.732
11.734
11.736
11.738
 11.74
11.742
11.744
11.746
11.748
 11.75
11.752
11.754
11.756
11.758
 11.76
11.762
11.764
11.766
11.768
 11.77
11.772
11.774
11.776
11.778
 11.78
11.782
11.784
11.786
11.788
 11.79
11.792
11.794
11.796
11.798
  11.8
11.802
11.804
11.806
11.808
 11.81
11.812
11.814
11.816
11.818
 11.82
11.822
11.824
11.826
11.828
 11.83
11.832
11.834
11.836
11.838
 11.84
11.842
11.844
11.846
11.848
 11.85
11.852
11.854
11.856
11.858
 11.86
11.862
11.864
11.866
11.868
 11.87
11.872
11.874
11.876
11.878
 11.88
11.882
11.884
11.886
11.888
 11.89
11.892
11.894
11.896
11.898
  11.9
11.902
11.904
11.906
11.908
 11.91
11.912
11.914
11.916
11.918
 11.92
11.922
11.924
11.926
11.928
 11.93
11.932
11.934
11.936
11.938
 11.94
11.942
11.944
11.946
11.948
 11.95
11.952
11.954
11.956
11.958
 11.96
11.962
11.964
11.966
11.968
 11.97
11.972
11.974
11.976
11.978
 11.98
11.982
11.984
11.986
11.988
 11.99
11.992
11.994
11.996
11.998
    12
