 -0.0225
-0.02205
 -0.0216
-0.02115
 -0.0207
-0.02025
 -0.0198
-0.01935
 -0.0189
-0.01845
  -0.018
-0.01755
 -0.0171
-0.01665
 -0.0162
-0.01575
 -0.0153
-0.01485
 -0.0144
-0.01395
 -0.0135
-0.01305
 -0.0126
-0.01215
 -0.0117
-0.01125
 -0.0108
-0.01035
 -0.0099
-0.00945
  -0.009
-0.00855
 -0.0081
-0.00765
 -0.0072
-0.00675
 -0.0063
-0.00585
 -0.0054
-0.00495
 -0.0045
-0.00405
 -0.0036
-0.00315
 -0.0027
-0.00225
 -0.0018
-0.00135
 -0.0009
-0.00045
       0
 0.00045
  0.0009
 0.00135
  0.0018
 0.00225
  0.0027
 0.00315
  0.0036
 0.00405
  0.0045
 0.00495
  0.0054
 0.00585
  0.0063
 0.00675
  0.0072
 0.00765
  0.0081
 0.00855
   0.009
 0.00945
  0.0099
 0.01035
  0.0108
 0.01125
  0.0117
 0.01215
  0.0126
 0.01305
  0.0135
 0.01395
  0.0144
 0.01485
  0.0153
 0.01575
  0.0162
 0.01665
  0.0171
 0.01755
   0.018
 0.01845
  0.0189
 0.01935
  0.0198
 0.02025
  0.0207
 0.02115
  0.0216
 0.02205
  0.0225
