  -0.00446
-0.0043708
-0.0042816
-0.0041924
-0.0041032
 -0.004014
-0.0039248
-0.0038356
-0.0037464
-0.0036572
 -0.003568
-0.0034788
-0.0033896
-0.0033004
-0.0032112
 -0.003122
-0.0030328
-0.0029436
-0.0028544
-0.0027652
 -0.002676
-0.0025868
-0.0024976
-0.0024084
-0.0023192
  -0.00223
-0.0021408
-0.0020516
-0.0019624
-0.0018732
 -0.001784
-0.0016948
-0.0016056
-0.0015164
-0.0014272
 -0.001338
-0.0012488
-0.0011596
-0.0010704
-0.0009812
 -0.000892
-0.0008028
-0.0007136
-0.0006244
-0.0005352
 -0.000446
-0.0003568
-0.0002676
-0.0001784
 -8.92e-05
         0
  8.92e-05
 0.0001784
 0.0002676
 0.0003568
  0.000446
 0.0005352
 0.0006244
 0.0007136
 0.0008028
  0.000892
 0.0009812
 0.0010704
 0.0011596
 0.0012488
  0.001338
 0.0014272
 0.0015164
 0.0016056
 0.0016948
  0.001784
 0.0018732
 0.0019624
 0.0020516
 0.0021408
   0.00223
 0.0023192
 0.0024084
 0.0024976
 0.0025868
  0.002676
 0.0027652
 0.0028544
 0.0029436
 0.0030328
  0.003122
 0.0032112
 0.0033004
 0.0033896
 0.0034788
  0.003568
 0.0036572
 0.0037464
 0.0038356
 0.0039248
  0.004014
 0.0041032
 0.0041924
 0.0042816
 0.0043708
   0.00446
